2761
2693
2776
2758
2739
2732
2731
2761
2738
2767
2814
2738
2676
2735
2742
2756
2745
2735
2761
2654
2732
2777
2742
2794
2705
2681
2721
2782
2772
2676
2681
2748
2674
2710
2711
2729
2710
2738
2738
2774
2703
2794
2749
2738
2680
2661
2687
2767
2776
2704
2686
2719
2737
2725
2694
2707
2815
2694
2732
2728
2732
2736
2693
2762
2726
2798
2747
2718
2730
2779
2697
2736
2835
2708
2737
2731
2762
2725
2739
2759
2746
2753
2900
2793
2765
2758
2764
2721
2736
2780
2792
2769
2763
2763
2725
2762
2830
2759
2781
2755
2804
2774
2775
2763
2852
2791
2699
2771
2744
2799
2815
2778
2800
2779
2770
2840
2829
2781
2760
2800
2821
2727
2784
2800
2774
2750
2782
2813
2738
2738
2777
2821
2718
2757
2756
2777
2753
2838
2764
2801
2790
2754
2760
2834
2783
2789
2791
2785
2732
2766
2744
2765
2852
2810
2790
2734
2841
2750
2787
2781
2744
2750
2823
2784
2794
2849
2849
2777
2800
2724
2795
2762
2824
2828
2810
2766
2821
2768
2778
2791
2783
2774
2747
2802
2804
2824
2819
2799
2823
2740
2780
2815
2795
2766
2751
2745
2833
2756
2747
2786
2805
2807
2777
2850
2827
2809
2807
2858
2852
2763
2831
2834
2804
2779
2752
2794
2804
2797
2815
2840
2846
2801
2846
2819
2770
2825
2835
2762
2756
2783
2826
2761
2778
2807
2832
2780
2871
2849
2859
2764
2841
2809
2786
2835
2800
2784
2799
2861
2848
2794
2800
2862
2777
2827
2801
2826
2785
2884
2826
2831
2833
2802
2789
2837
2840
2882
2766
2798
2858
2820
2811
2777
2805
2805
879
2852
2816
2850
2845
2888
2795
2815
2837
2821
2801
2837
2778
2835
2832
2842
2733
2860
2832
2811
2861
2858
2890
2842
2805
2865
2846
2865
2941
2890
2746
2840
2797
2892
2807
2842
2829
2893
2835
2909
2768
2916
2776
2843
2816
2821
2869
2804
2827
2839
2905
2805
2820
2815
2844
2815
2810
2830
2948
2795
2877
2882
2765
2809
2838
2846
2856
2901
2872
2816
2872
2818
2857
2889
2899
2776
2792
2855
2799
2901
2881
2824
2895
2875
2845
2849
2930
2844
2862
2794
2825
2898
2861
2855
2870
2873
2881
2858
2831
2846
2916
2836
2872
2897
2941
2868
2833
2880
2871
2842
2883
2860
2798
2897
2844
2873
2850
2860
2870
2925
2951
2830
2821
2902
2873
2896
2887
2894
2884
2871
2906
2881
2838
2914
2910
2890
2848
2856
2912
2886
2898
2915
2854
2927
2882
2845
2918
2925
2840
2908
2907
2956
2888
2856
2923
2870
2876
2858
2895
2882
2850
2953
2954
2933
2957
2897
2897
2865
2922
2852
2935
2890
2873
2891
2867
2845
2931
2876
2910
2964
2927
2872
2936
2943
2947
2879
2879
2890
2860
2949
2900
2970
2896
2884
2925
2905
2890
2893
2883
2895
2960
2945
2871
2944
2958
2929
2881
2946
2951
2899
2884
2889
2960
2898
2878
2939
2915
2935
2887
2892
2906
2948
2935
2932
2921
2967
