4043
4076
4029
3975
4010
4004
4010
3996
4026
3960
4009
3944
4020
3993
3987
3968
4027
4005
4011
3958
4002
4036
3959
3997
4013
4027
3963
3997
3972
3969
3982
4000
3997
4004
4010
3975
3987
4042
4007
4065
4017
4001
4056
4024
3996
4051
3986
4030
4016
4026
3993
4002
3976
3958
3997
3985
4072
4033
4011
4044
4029
4025
4028
4056
4048
4032
4018
4052
4059
4041
4025
4019
3977
4064
4004
3955
4028
4058
4070
4030
4024
4019
4073
4114
4020
4014
4030
4018
4071
4055
4103
4028
4069
4076
4065
4044
4066
4044
4012
4022
4101
4098
4064
4038
4060
4046
4049
4107
4021
4070
4062
4067
4091
4070
4082
4075
4028
4114
4069
4006
4089
4084
4084
4128
4051
4057
4083
4113
4062
4066
4039
4100
4014
4052
4095
4077
4102
4094
4066
4114
4078
4131
4074
4074
4057
4151
4079
4101
4080
4128
4028
4069
4117
4034
4100
4045
4102
4057
4106
4100
4021
4083
4069
4100
4077
4134
4079
4083
4083
4086
4042
4052
4093
4120
4061
4073
4104
4086
4075
4095
4065
4137
4083
4138
4140
4060
4115
4077
4102
4019
4176
4072
4095
4137
4098
4112
4086
4100
4099
4111
4103
4112
4093
4096
4079
4079
4113
4096
4186
4062
4142
4133
4146
4095
4099
4115
4062
4113
4057
4152
4105
4117
4103
4128
4108
4143
4120
4123
4100
4083
4123
4083
4104
4141
4106
4086
4194
4150
4124
4057
4228
4127
4138
4103
4098
4078
4107
4086
4159
4147
4134
4184
4146
4069
4094
4122
4084
4131
4183
4124
4120
4107
4137
4126
4141
4146
4086
4123
4173
4154
4094
4094
4091
4082
2159
4098
4145
4201
4178
4163
4081
4154
4222
4092
4060
4119
4160
4148
4181
4122
4161
4191
4149
4095
4122
4123
4155
4142
4137
4144
4123
4109
4211
4123
4106
4129
4183
4209
4125
4151
4168
4181
4143
4155
4150
4142
4115
4127
4068
4158
4115
4152
4127
4141
4150
4092
4140
4141
4148
4165
4154
4168
4134
4120
4168
4205
4118
4129
4139
4223
4119
4165
4173
4142
4168
4152
4151
4164
4167
4169
4160
4086
4129
4207
4149
4183
4226
4199
4154
4167
4163
4243
4135
4137
4173
4152
4162
4135
4188
4152
4199
4165
4170
4155
4241
4190
4170
4199
4185
4189
4159
4152
4138
4163
4191
4180
4170
4215
4154
4169
4141
4172
4176
4169
4145
4146
4182
4210
4173
4160
4188
4177
4183
4157
4153
4146
4143
4191
4188
4213
4190
4201
4229
4177
4198
4186
4237
4200
4158
4189
4181
4181
4203
4194
4259
4219
4201
4206
4170
4184
4225
4197
4182
4166
4163
4219
4267
4211
4270
4162
4180
4158
4179
4157
4193
4185
4159
4234
4271
4152
4208
4230
4246
4232
4175
4153
4225
4220
4227
4169
4149
4204
4179
4169
4189
4247
4203
4177
4180
4240
4207
4215
4221
4190
4235
4191
4192
4236
4236
4241
4196
4184
4210
4210
4190
4186
4180
4189
4154
4203
4195
4189
4224
4232
4220
4187
4218
4213
4226
4180
