3063
3080
3094
3129
3056
3081
3083
3115
3094
3078
3122
3088
3094
3089
3146
3157
3128
3122
3139
3039
3144
3152
3184
3244
3136
3158
3150
3247
3163
3108
3123
3158
3124
3189
3145
3181
3152
3213
3174
3213
3134
3231
3185
3217
3221
3179
3204
3282
3302
3188
3253
3220
3223
3245
3222
3218
3300
3281
3281
3205
3254
3245
3219
3274
3252
3267
3273
3246
3257
3368
3206
3280
3312
3269
3282
3217
3279
3273
3270
3272
3282
3267
3440
3347
3292
3322
3287
3249
3297
3316
3365
3318
3339
3377
3265
3352
3345
3280
3337
3306
3368
3347
3364
3321
3400
3349
3313
3405
3343
3305
3334
3368
3387
3389
3393
3410
3381
3412
3368
3372
3416
3292
3344
3487
3346
3360
3427
3466
3333
3381
3361
3401
3325
3367
3365
3389
3362
3443
3351
3439
3377
3392
3416
3477
3361
3425
3409
3432
3403
3404
3407
3345
3467
3406
3426
3334
3466
3378
3453
3400
3400
3428
3397
3454
3411
3493
3414
3397
3431
3415
3421
3385
3485
3421
3463
3369
3461
3444
3431
3440
3396
3446
3441
3398
3459
3486
3412
3465
3496
3388
3472
3470
3492
3450
3399
3408
3493
3393
3390
3395
3454
3449
3408
3482
3453
3470
3436
3450
3516
3390
3519
3491
3470
3416
3395
3449
3466
3484
3489
3536
3498
3421
3504
3485
3478
3502
3498
3410
3427
3480
3494
3462
3489
3488
3495
3455
3553
3490
3492
3436
3543
3485
3437
3501
3451
3480
3475
3493
3560
3492
3459
3558
3494
3494
3460
3504
3474
3581
3527
3552
3552
3511
3505
3532
3527
3570
3450
3519
3556
3468
3480
3478
3450
3482
1505
3514
3480
3535
3536
3535
3541
3533
3518
3539
3497
3462
3526
3495
3591
3601
3444
3553
3565
3544
3498
3534
3609
3511
3476
3585
3510
3540
3588
3585
3451
3537
3518
3566
3554
3592
3538
3559
3566
3578
3531
3609
3513
3582
3483
3550
3569
3560
3531
3527
3550
3532
3581
3555
3562
3548
3529
3530
3613
3473
3540
3568
3519
3524
3547
3607
3539
3600
3635
3499
3580
3502
3629
3640
3655
3524
3488
3560
3509
3598
3576
3588
3588
3620
3512
3582
3609
3558
3639
3562
3535
3575
3534
3629
3612
3595
3653
3604
3569
3572
3678
3578
3548
3670
3621
3640
3639
3591
3652
3670
3602
3577
3554
3586
3596
3595
3551
3591
3640
3591
3651
3606
3609
3652
3611
3693
3659
3638
3638
3547
3616
3637
3578
3678
3691
3654
3589
3595
3696
3643
3626
3694
3545
3751
3595
3638
3670
3706
3582
3627
3690
3773
3618
3592
3666
3619
3622
3665
3656
3615
3655
3704
3665
3639
3753
3715
3617
3613
3619
3611
3703
3693
3666
3691
3566
3614
3665
3633
3685
3708
3654
3596
3721
3744
3708
3630
3650
3669
3606
3646
3641
3803
3673
3676
3696
3665
3635
3683
3631
3698
3720
3671
3624
3749
3700
3728
3658
3691
3781
3686
3641
3618
3738
3691
3639
3762
3714
3672
3635
3654
3689
3651
3713
3696
3675
3751
