3062
3043
3014
3042
3055
3099
3109
3001
3096
3034
3043
3060
3027
3065
3075
3037
3079
3046
3118
3033
3071
3075
3097
3176
3077
3061
3107
3135
3101
3136
3074
3160
3142
3157
3140
3128
3132
3164
3145
3187
3139
3159
3191
3163
3133
3217
3138
3178
3229
3174
3173
3178
3147
3162
3162
3261
3180
3195
3216
3161
3222
3207
3132
3214
3189
3255
3213
3228
3190
3274
3212
3193
3228
3224
3227
3185
3288
3253
3279
3288
3291
3251
3331
3269
3260
3250
3255
3236
3297
3273
3297
3207
3270
3289
3266
3281
3291
3287
3247
3213
3245
3327
3306
3281
3324
3273
3238
3294
3268
3238
3326
3294
3372
3308
3323
3340
3309
3304
3309
3309
3405
3275
3357
3382
3276
3306
3360
3316
3264
3354
3281
3338
3293
3317
3305
3293
3362
3334
3311
3374
3335
3339
3368
3385
3383
3378
3361
3341
3325
3383
3278
3356
3389
3321
3327
3341
3402
3335
3336
3384
3337
3393
3377
3334
3381
3382
3403
3345
3366
3346
3352
3320
3423
3354
3389
3379
3417
3344
3350
3379
3348
3372
3409
3398
3403
3392
3381
3359
3469
3353
3411
3398
3348
3388
3368
3361
3375
3349
3350
3364
3459
3372
3405
3407
3414
3400
3409
3422
3454
3396
3413
3436
3359
3408
3364
3422
3382
3430
3426
3487
3414
3429
3429
3472
3399
3426
3441
3400
3426
3450
3455
3334
3403
3409
3368
3397
3481
3470
3462
3373
3447
3379
3512
3418
3419
3435
3423
3432
3511
3459
3387
3462
3436
3390
3448
3463
3411
3538
3446
3481
3444
3436
3388
3416
3495
3455
3374
3365
3524
3409
3384
3425
3384
3401
1510
3425
3405
3492
3482
3459
3421
3440
3517
3429
3430
3463
3437
3525
3490
3490
3394
3508
3471
3444
3482
3454
3491
3512
3427
3498
3436
3498
3561
3418
3433
3494
3462
3523
3470
3507
3446
3529
3470
3509
3499
3471
3457
3450
3488
3438
3457
3477
3504
3443
3468
3441
3512
3448
3465
3447
3496
3524
3513
3436
3500
3524
3455
3436
3514
3506
3477
3570
3531
3485
3527
3457
3529
3504
3597
3487
3446
3475
3437
3552
3497
3490
3539
3534
3487
3507
3528
3523
3511
3471
3481
3482
3480
3454
3534
3485
3529
3486
3469
3529
3569
3481
3508
3535
3505
3484
3490
3530
3555
3469
3544
3519
3466
3583
3494
3571
3485
3506
3517
3526
3565
3509
3426
3572
3496
3543
3525
3551
3528
3519
3545
3492
3535
3544
3590
3605
3524
3533
3562
3569
3548
3558
3529
3576
3506
3553
3557
3575
3492
3541
3484
3529
3556
3537
3510
3523
3561
3618
3556
3525
3554
3614
3599
3578
3615
3530
3548
3530
3531
3538
3603
3536
3567
3551
3582
3513
3610
3521
3601
3634
3555
3517
3624
3586
3563
3505
3564
3595
3557
3527
3545
3615
3588
3574
3553
3577
3558
3601
3493
3563
3613
3578
3636
3663
3571
3583
3530
3557
3656
3599
3603
3524
3619
3584
3566
3606
3619
3557
3582
3589
3577
3623
3570
3574
3567
3619
