13089
13362
13332
13308
13300
13351
13416
13349
13199
13305
13341
13341
13360
13351
13257
13329
13266
13145
13244
13219
13255
13370
13328
13254
13331
13224
13251
13309
13186
13258
13232
13287
13274
13297
13353
13313
13277
13329
13099
13211
13367
13266
13280
13378
13306
13289
13321
13232
13300
13197
13330
13333
13321
13289
13370
13253
13339
13253
13335
13307
13419
13296
13346
13367
13365
13427
13302
13302
13323
13313
13421
13406
13273
13340
13371
13329
13396
13369
13355
13345
13388
13331
13388
13317
13326
13267
13441
13336
12709
13403
13379
13444
13532
13435
13407
13357
13380
13427
13466
13363
13361
13418
13605
13323
13320
13336
13452
13388
13398
13399
13422
13371
13485
13483
13447
13447
13454
13454
13403
13466
13414
13459
13459
13400
13418
13420
13538
13468
13400
13460
13483
13623
13431
13478
13434
13563
13433
13491
13543
13489
13567
13385
13613
13629
13438
13466
13550
13401
13563
13472
13428
13584
13501
13520
13650
13552
13601
13523
13521
13429
13513
13548
13459
13538
13482
13586
13471
13536
13509
13528
13500
13562
13524
13522
13511
13582
13629
13648
13633
13613
13614
13450
13585
13603
13602
13626
13567
13656
13705
13578
13536
13663
13556
13600
13599
13682
13638
13709
13625
13568
13667
13567
13528
13584
13610
13689
13597
13651
13662
13702
13583
13641
13683
13711
13604
13618
13684
13642
13599
13646
13650
13633
13750
13637
13631
13703
13660
13739
13656
13728
13746
13612
12978
13790
13694
13646
13715
13704
13704
13803
13707
13660
13635
13749
13715
13690
13686
13668
13724
13809
13798
13735
13731
13842
13690
13688
13701
13767
13730
13725
13768
13813
13728
13656
13738
13719
13655
13784
13772
13787
13762
13775
13798
13769
13807
13806
13756
13784
13655
13741
13874
13873
13761
13925
13755
13816
13794
13846
13817
13799
13872
13795
13737
13734
13804
13848
13884
13963
13863
13876
13846
13961
13871
13833
13916
13850
13886
13910
14010
13820
13889
13905
13823
13880
13810
13898
13807
13824
13975
13763
13959
13773
13992
13931
13972
13950
13809
13958
13963
13995
14032
13909
13985
13821
13871
13884
13835
14009
14037
13925
13886
13924
13996
13921
14004
14006
13848
13857
14034
14013
13933
13937
13985
14060
13989
13953
13990
14053
13946
13958
14064
14064
14040
13982
13965
13987
14081
13972
14016
13987
14022
14099
14025
14072
14044
14186
13987
14167
14065
14098
14074
14051
14147
14115
14081
14006
14094
14081
13944
14101
14159
14032
14205
14083
14034
14104
14091
14111
14150
14127
13995
14050
14136
13981
14087
14136
14126
13954
14105
13976
14328
14278
14166
14116
14239
14156
14237
14204
14217
14123
14233
14264
14186
14113
14279
14133
14055
14168
14208
14182
14231
14131
14188
14269
14166
14194
14118
14174
14210
14235
14228
14259
14365
14190
14143
14278
14253
14192
14260
14241
14400
14130
14167
14164
14121
14230
14408
14256
14391
14259
14204
14339
14307
14341
14352
14336
14464
14368
14264
14259
14300
14255
14314
14355
14337
14510
14359
14374
14315
14417
14407
14411
14388
14322
14467
14337
14386
14523
14281
14364
14372
14448
14459
14221
14442
14326
14441
14462
14354
