9461
9348
9397
9415
9310
9410
9410
9444
9364
9475
9342
9439
9358
9341
9369
9411
9387
9157
9306
9307
9336
9470
9384
9349
9413
9371
9313
9311
9444
9362
9391
9391
9392
9350
9383
9288
9263
9396
9206
9399
9322
9282
9312
9417
9412
9364
9348
9327
9299
9318
9333
9390
9347
9361
9367
9330
9464
9342
9281
9377
9527
9317
9426
9312
9415
9422
9376
9392
9315
9415
9479
9447
9371
9349
9417
9361
9369
9421
9417
9512
9479
9369
9485
9382
9507
9489
9599
9370
8897
9541
9464
9420
9450
9461
9469
9455
9428
9437
9453
9494
9412
9449
9519
9408
9512
9421
9572
9425
9530
9479
9587
9482
9452
9591
9392
9487
9600
9447
9476
9609
9436
9513
9554
9546
9390
9399
9509
9476
9487
9620
9579
9649
9476
9530
9500
9524
9599
9492
9611
9606
9741
9465
9555
9616
9429
9439
9566
9548
9634
9614
9542
9542
9549
9561
9619
9607
9598
9584
9597
9467
9595
9623
9602
9614
9610
9761
9576
9556
9587
9676
9580
9721
9531
9584
9649
9652
9668
9678
9641
9605
9537
9585
9673
9649
9589
9625
9650
9582
9623
9654
9600
9670
9545
9702
9679
9664
9697
9670
9692
9733
9734
9657
9569
9687
9708
9658
9614
9691
9739
9714
9611
9669
9617
9661
9735
9661
9684
9665
9677
9724
9678
9807
9642
9696
9739
9750
9625
9756
9641
9724
9880
9768
9443
9690
9643
9730
9763
9715
9919
9889
9766
9716
9709
9837
9770
9700
9667
9794
9676
9818
9788
9828
9801
9783
9836
9818
9749
9752
9770
9707
9835
9876
9781
9887
9796
9718
9777
9767
9666
9925
9769
9727
9789
9902
9905
9909
9803
9827
9782
9773
9774
9843
9788
9888
9784
9836
9875
9782
9867
9782
9869
9886
9887
9743
9890
9882
9787
9827
9922
9892
9909
9935
9930
9844
9918
9848
9891
9914
9938
9919
9896
9933
9782
9936
9967
9901
9884
9893
9954
9796
10079
9829
9886
10017
9887
9919
9922
9942
9952
9925
9958
9896
10110
9885
9862
9932
9866
9966
10030
9868
9867
9964
10057
9844
10103
10005
9944
10020
9974
10099
10000
10043
9910
9978
9968
10030
9861
10030
10024
9951
9960
10071
10267
10078
10030
10063
10125
9983
10083
10034
10060
10085
10056
10034
9975
10176
9977
10208
10155
10021
10160
10186
10125
10120
10084
10153
10126
10134
10061
10098
10237
10031
10246
10084
10144
10155
10245
10126
10091
10333
10107
10189
10247
10055
10219
10155
10241
10122
10231
10187
10208
10197
10260
10168
10241
10176
10243
10288
10209
10266
10259
10265
10160
10265
10215
10193
10120
10284
10175
10264
10298
10265
10171
10275
10190
10321
10210
10222
10390
10266
10227
10355
10299
10275
10236
10360
10274
10078
10236
10303
10315
10384
10361
10306
10262
10294
10321
10473
10425
10353
10384
10349
10335
10408
10328
10335
10355
10432
10400
10260
10281
10399
10468
10396
10415
10571
10402
10467
10463
10557
10342
10509
10500
10358
10482
10446
10420
10573
10319
10540
10539
10541
10544
10449
10514
10399
10472
10504
10605
