2742
2760
2789
2788
2772
2803
2842
2834
2819
2844
2808
2822
2818
2804
2867
2808
2875
2902
2899
2928
2902
2882
2884
2855
2883
2891
2914
2908
2877
2914
2943
2892
2892
2926
2934
2922
2910
2942
2830
2871
2938
2954
2981
2876
2975
2937
2906
2942
2903
2884
2954
2967
2913
2960
2977
2912
2975
2940
2967
2950
3033
2966
3043
2996
2964
3017
3027
2940
2933
2965
3039
2990
2994
2986
3005
2946
3060
3053
2988
3009
3042
3023
3018
3083
3002
3001
3125
2975
2866
3085
3053
3094
3015
2936
3068
2975
3031
3015
3112
3031
3050
3092
3062
3028
3071
2992
3098
3081
3033
3069
3070
3025
3080
3098
3036
3020
3051
3077
3063
3070
3093
3089
3087
3100
3082
3019
3049
3088
3096
3084
3103
3146
3120
3146
3118
3112
3132
3100
3127
3105
3198
3084
3121
3183
3074
3150
3129
3105
3185
3195
3077
3092
3087
3149
3184
3127
3127
3124
3157
3034
3097
3135
3106
3087
3130
3113
3151
3131
3169
3206
3083
3182
3145
3164
3181
3162
3208
3184
3152
3126
3152
3102
3160
3221
3195
3147
3146
3138
3238
3169
3224
3131
3077
3128
3147
3133
3211
3172
3254
3202
3156
3228
3194
3156
3180
3148
3109
3152
3220
3206
3157
3119
3193
3232
3239
3180
3193
3173
3184
3227
3153
3198
3203
3150
3232
3258
3195
3201
3174
3240
3288
3174
3180
3219
3193
3227
3221
3195
3235
3254
3205
3130
3182
3238
3237
3212
3192
3197
3217
3196
3245
3273
3264
3230
3260
3217
3197
3236
3242
3220
3216
3257
3233
3238
3224
3266
3197
3317
3214
3311
3185
3203
3197
3240
3306
3221
3193
3248
3242
3246
3203
3267
3216
3314
3281
3271
3294
3322
3237
3261
3322
3184
3228
3208
3220
3267
3302
3247
3343
3256
3230
3358
3259
3275
3251
3268
3290
3295
3342
3291
3290
3246
3207
3327
3294
3288
3220
3256
3368
3251
3355
3231
3297
3369
3326
3295
3315
3318
3322
3367
3276
3218
3339
3242
3295
3230
3323
3337
3322
3343
3327
3307
3318
3311
3338
3353
3299
3265
3353
3428
3301
3349
3287
3311
3318
3233
3274
3289
3304
3333
3307
3407
3454
3345
3336
3316
3337
3333
3379
3351
3331
3353
3341
3300
3363
3379
3348
3401
3342
3282
3362
3353
3343
3328
3346
3410
3388
3402
3363
3418
3472
3317
3375
3401
3339
3381
3397
3360
3335
3385
3284
3389
3382
3365
3370
3353
3352
3425
3341
3341
3416
3448
3430
3429
3441
3440
3413
3421
3367
3456
3460
3401
3351
3409
3423
3381
3408
3350
3324
3387
3374
3402
3331
3372
3393
3407
3372
3325
3434
3369
3409
3433
3436
3398
3373
3423
3408
3373
3412
3458
3474
3370
3315
3444
3366
3456
3397
3468
3415
3482
3425
3421
3452
3454
3408
3482
3444
3506
3375
3444
3439
3477
3466
3440
3418
3505
3427
3442
3480
3485
3441
3489
3422
3461
3435
3463
3477
3487
3442
3498
3503
3560
3463
3474
3446
3382
3427
3453
3553
