2679
2754
2715
2678
2712
2755
2756
2796
2731
2791
2779
2790
2833
2754
2757
2798
2809
2809
2800
2819
2835
2845
2853
2819
2859
2790
2836
2842
2835
2838
2865
2822
2864
2847
2859
2865
2814
2876
2815
2901
2888
2882
2838
2897
2838
2905
2915
2919
2851
2862
2896
2884
2891
2909
2939
2871
2915
2904
2937
2881
2973
2927
2957
2948
2923
2972
2968
2946
2935
2970
2934
2982
2902
2936
2937
2908
2957
2973
2937
2961
3001
2966
2981
2979
2973
2975
3041
2937
2788
2988
3022
3015
2979
2983
2950
2945
2950
2968
2973
3008
2971
3035
3013
2967
2982
3025
2999
2986
3031
3017
3010
3022
3011
3037
2978
2998
3068
2988
2960
3070
2981
3040
3007
3017
3062
2990
3065
2994
3062
3043
2989
3072
3068
3057
3115
3020
3063
3022
3051
3072
3151
3050
3067
3104
3013
3049
3101
3064
3126
3097
3055
3071
3041
3038
3160
3142
3088
3093
3041
3104
3017
3088
3037
3048
3119
3064
3026
3093
3093
3120
3071
3106
3120
3074
3083
3113
3114
3163
3115
3093
3054
3074
3086
3094
3136
3151
3079
3073
3109
3110
3106
3152
3076
3089
3137
3065
3119
3124
3108
3121
3114
3121
3095
3097
3089
3090
3057
3064
3125
3103
3057
3104
3085
3125
3156
3142
3082
3118
3115
3140
3145
3168
3119
3103
3157
3219
3151
3098
3153
3109
3192
3128
3084
3221
3148
3144
3109
3105
3174
3172
3183
3107
3127
3227
3202
3117
3137
3134
3141
3143
3187
3205
3148
3100
3186
3163
3211
3228
3137
3224
3116
3220
3193
3132
3200
3159
3178
3180
3116
3222
3149
3135
3199
3176
3185
3158
3185
3227
3196
3218
3158
3211
3187
3216
3162
3213
3198
3246
3201
3235
3175
3144
3200
3183
3176
3231
3205
3185
3256
3161
3229
3255
3164
3241
3206
3178
3264
3264
3247
3236
3254
3185
3158
3225
3198
3232
3188
3218
3298
3197
3257
3174
3181
3254
3254
3278
3186
3240
3236
3256
3202
3207
3253
3212
3254
3190
3240
3238
3233
3213
3205
3286
3279
3269
3250
3279
3233
3224
3256
3285
3242
3304
3227
3256
3239
3209
3278
3258
3260
3268
3239
3281
3370
3280
3267
3234
3298
3265
3301
3253
3257
3303
3252
3307
3287
3295
3277
3312
3277
3228
3322
3264
3301
3293
3274
3314
3282
3325
3254
3358
3371
3248
3342
3305
3339
3302
3321
3277
3288
3342
3283
3283
3293
3257
3345
3331
3335
3332
3283
3268
3317
3325
3299
3312
3374
3321
3302
3342
3329
3365
3324
3320
3324
3342
3343
3371
3288
3334
3309
3355
3382
3380
3365
3403
3338
3343
3353
3301
3393
3327
3376
3416
3364
3351
3316
3346
3376
3272
3363
3419
3350
3367
3311
3366
3382
3395
3420
3422
3327
3365
3341
3418
3381
3432
3362
3363
3382
3432
3417
3387
3351
3401
3438
3397
3399
3440
3401
3338
3408
3432
3388
3419
3398
3411
3421
3426
3409
3448
3344
3460
3450
3440
3413
3361
3414
3354
3382
3390
3494
