7596
7257
7218
7278
7209
7231
7185
7149
7107
7104
7299
7133
7206
7075
7248
7237
7137
7065
7091
7086
7153
7044
7147
7183
7127
7200
7203
7164
7113
7147
6967
7202
7138
7141
7157
7111
7168
7219
7106
7165
7209
7194
7225
7113
7216
7187
7131
7230
7216
7254
7283
7236
7161
7112
7120
7239
7179
7250
7250
7217
7169
7259
7223
7199
7211
7240
7268
7101
7248
7309
7234
7330
7219
7209
7323
7122
7248
7259
7200
7279
7254
7365
7304
7289
7223
7247
7157
7196
7330
7274
7319
7197
7340
7355
7271
7318
7267
7245
7298
7249
7353
7316
7264
7249
7283
7343
7181
7385
7285
7214
7299
7352
7437
7245
7319
7311
7274
7380
7301
7336
7421
7154
7282
7438
7374
7337
7392
7410
7243
7258
7243
7378
7253
7411
7272
7253
7408
7361
7336
7382
7372
7344
7474
7533
7349
7367
7367
7392
7276
7382
7278
7389
7456
7271
7381
7330
7456
7389
7378
7353
7374
7391
7330
7378
7423
7442
7430
7408
7390
7421
7352
7328
7380
7422
7433
7327
7411
7372
7441
7391
7313
7487
7383
7387
7426
7373
7449
7395
7401
7295
7518
7511
7451
7548
7299
7415
7393
7479
7429
7412
7428
7475
7356
7513
7421
7365
7348
7477
7549
7320
7501
7437
7409
7452
7405
7486
7421
7394
7505
7548
7508
7375
7455
7487
7438
7529
7471
7430
7370
7515
7520
7367
7517
7485
7508
7437
7560
7558
7535
7472
7561
7481
7503
7522
7514
7405
7462
7520
7472
7565
7482
7540
7555
7460
7467
7566
7484
7496
7440
7537
7487
7554
7314
7415
7489
7554
7482
7427
7618
7489
7351
7503
7511
7546
5080
7537
7515
7540
7487
7515
7586
7530
7619
7523
7541
7570
7592
7545
7575
7575
7517
7561
7521
7572
7593
7549
7695
7635
7491
7590
7500
7596
7661
7577
7512
7660
7572
7639
7484
7542
7625
7624
7674
7586
7633
7627
7546
7590
7538
7517
7597
7586
7523
7509
7551
7565
7660
7659
7611
7527
7581
7630
7620
7624
7636
7618
7629
7531
7597
7579
7646
7563
7641
7632
7576
7648
7669
7759
7613
7632
7528
7547
7515
7660
7685
7669
7661
7725
7542
7645
7699
7683
7681
7614
7533
7561
7609
7702
7639
7620
7723
7652
7520
7616
7651
7672
7676
7668
7647
7706
7730
7619
7723
7656
7734
7695
7731
7657
7637
7595
7544
7642
7678
7662
7625
7760
7707
7683
7734
7653
7781
7729
7676
7632
7708
7688
7664
7781
7715
7742
7685
7698
7755
7720
7640
7738
7653
7771
7642
7798
7665
7905
7710
7709
7780
7805
7720
7693
7681
7659
7799
7783
7820
7791
7725
7752
7782
7784
7866
7811
7810
7694
7733
7706
7810
7836
7717
7799
7736
7727
7803
7751
7888
7828
7722
7740
7834
7883
7849
7757
7651
7667
7693
7856
7835
7887
7894
7733
7799
7674
7789
7812
7666
7771
7882
7816
7764
7893
7826
7813
7724
7783
7903
7902
7816
7707
7809
7758
7749
7922
7906
7882
7745
7851
7791
7905
7907
7831
7895
7897
