3596
3472
3492
3493
3425
3525
3509
3492
3520
3474
3597
3482
3533
3485
3583
3580
3515
3477
3516
3487
3537
3549
3578
3650
3576
3583
3675
3632
3635
3625
3542
3631
3574
3669
3665
3663
3613
3608
3643
3664
3653
3741
3698
3623
3771
3703
3622
3813
3741
3769
3818
3793
3694
3644
3697
3775
3830
3793
3781
3751
3756
3797
3746
3852
3835
3778
3824
3704
3780
3893
3819
3853
3829
3786
3809
3763
3828
3849
3838
3862
3874
3851
3939
3927
3875
3838
3825
3789
3874
3833
3907
3811
3907
3907
3864
3892
3921
3901
3914
3932
3935
3974
3924
3870
3953
3941
3853
3994
3940
3860
3953
3962
3993
3943
3987
3967
3926
3956
3947
3996
4042
3875
3953
4013
3965
3973
3985
4004
3914
3856
3960
4015
3967
4044
3882
3984
3988
4063
3969
4021
3964
4029
4061
4118
3963
4007
4018
4016
3957
4006
3927
4022
4047
3978
4024
4026
4072
3963
3993
4001
3998
4023
4024
4009
4055
4098
4076
3976
4034
4024
4000
3958
4052
3983
4078
4011
4092
4070
4057
4036
4062
4042
4066
4056
4080
4066
4065
4092
4092
4014
4117
4068
4116
4085
3978
4039
4063
4098
4078
4100
4130
4126
4042
4130
4128
4050
4029
4127
4161
4055
4116
4113
4065
4105
4083
4030
4148
4083
4124
4260
4105
4056
4126
4137
4127
4162
4071
4100
4093
4077
4215
4052
4124
4161
4149
4130
4175
4156
4196
4064
4246
4136
4187
4152
4123
4051
4124
4176
4197
4177
4159
4152
4177
4149
4126
4182
4180
4216
4170
4193
4183
4167
4044
4131
4210
4216
4098
4134
4260
4105
4007
4195
4150
4160
1848
4178
4131
4229
4156
4156
4186
4199
4232
4181
4195
4213
4174
4216
4239
4238
4132
4228
4219
4257
4200
4260
4398
4259
4122
4196
4167
4257
4248
4178
4181
4263
4203
4266
4169
4260
4259
4263
4244
4241
4200
4253
4182
4206
4237
4240
4224
4224
4221
4206
4215
4244
4266
4246
4220
4189
4306
4249
4256
4204
4265
4328
4283
4180
4286
4313
4263
4216
4317
4205
4260
4203
4257
4348
4334
4247
4195
4208
4181
4285
4228
4301
4313
4282
4231
4314
4354
4300
4280
4190
4132
4203
4253
4278
4305
4337
4366
4284
4200
4267
4370
4306
4282
4311
4305
4336
4298
4253
4388
4315
4326
4284
4317
4300
4311
4233
4245
4233
4328
4292
4277
4305
4337
4357
4373
4335
4375
4380
4321
4269
4321
4278
4254
4333
4343
4334
4289
4276
4390
4322
4306
4359
4257
4359
4316
4383
4285
4476
4319
4289
4358
4452
4358
4307
4339
4237
4340
4441
4383
4400
4367
4382
4368
4368
4469
4434
4364
4292
4324
4353
4413
4381
4391
4394
4347
4349
4389
4361
4424
4423
4386
4301
4383
4454
4424
4326
4309
4338
4306
4408
4367
4506
4460
4312
4380
4375
4428
4424
4340
4393
4529
4464
4421
4464
4409
4355
4339
4439
4483
4404
4342
4346
4417
4416
4379
4533
4381
4418
4348
4438
4387
4424
4465
4354
4450
4454
