9053
9113
9132
9213
9142
9145
9084
9137
9113
9021
9172
9087
9059
9021
9139
9104
9003
8961
9040
9011
9018
9008
9040
9104
9028
9122
9029
9071
9001
9065
8922
9057
9054
9066
9056
9053
9059
9069
9025
9036
9140
9088
9083
9020
9071
9118
9082
9108
9135
9134
9084
9124
9040
9086
9079
9082
9168
9097
9140
9079
9097
9170
9107
9146
9099
9128
9124
9010
9197
9205
9102
9182
9105
9049
9176
9058
9084
9144
9138
9190
9114
9160
9218
9269
9112
9197
9091
9084
9167
9167
9228
9054
9203
9243
9215
9258
9231
9175
9175
9185
9250
9155
9215
9129
9182
9236
9127
9214
9157
9131
9191
9270
9308
9243
9271
9264
9269
9237
9240
9228
9251
9113
9214
9275
9247
9252
9345
9367
9138
9205
9211
9216
9196
9284
9279
9214
9210
9246
9227
9341
9192
9270
9392
9384
9303
9343
9279
9231
9154
9313
9208
9303
9438
9246
9360
9156
9289
9268
9266
9311
9197
9325
9363
9222
9342
9382
9316
9323
9242
9301
9157
9196
9281
9310
9323
9266
9344
9305
9439
9272
9241
9386
9334
9308
9395
9279
9332
9182
9358
9285
9434
9353
9331
9391
9281
9292
9307
9374
9269
9350
9238
9428
9263
9390
9293
9283
9257
9409
9426
9187
9400
9398
9356
9333
9248
9369
9345
9317
9394
9474
9331
9335
9354
9461
9333
9449
9379
9322
9283
9349
9373
9330
9434
9388
9445
9390
9457
9398
9411
9337
9450
9381
9435
9401
9431
9383
9370
9398
9466
9416
9393
9434
9415
9367
9393
9437
9393
9473
9445
9459
9348
9479
9364
9395
9428
9498
9340
9332
9493
9442
9368
9326
9317
9372
6882
9418
9449
9396
9419
9417
9438
9415
9429
9379
9376
9398
9413
9484
9469
9474
9337
9479
9393
9426
9539
9451
9596
9442
9418
9483
9423
9490
9522
9473
9442
9472
9448
9582
9523
9449
9406
9439
9524
9543
9536
9609
9475
9469
9381
9402
9533
9478
9394
9379
9464
9455
9556
9581
9535
9393
9555
9505
9478
9485
9554
9548
9514
9417
9446
9565
9521
9487
9524
9492
9456
9463
9515
9639
9540
9468
9475
9458
9459
9550
9571
9617
9554
9639
9441
9546
9640
9581
9542
9526
9408
9477
9486
9488
9563
9511
9616
9466
9479
9472
9561
9515
9569
9613
9631
9559
9590
9477
9655
9656
9574
9591
9597
9614
9527
9502
9511
9566
9592
9559
9569
9559
9603
9639
9613
9584
9669
9632
9634
9532
9576
9578
9464
9682
9575
9643
9477
9654
9703
9677
9583
9632
9541
9704
9580
9596
9623
9722
9567
9673
9651
9670
9549
9587
9634
9545
9660
9682
9759
9646
9552
9668
9700
9623
9854
9730
9586
9568
9596
9640
9671
9683
9617
9705
9644
9608
9634
9605
9775
9743
9555
9578
9725
9738
9736
9567
9543
9639
9623
9672
9750
9817
9734
9588
9723
9640
9649
9664
9613
9680
9855
9678
9672
9784
9655
9728
9643
9688
9826
9808
9682
9587
9747
9710
9638
9799
9718
9695
9633
9669
9741
9794
9748
9683
9794
9708
