3766
3710
3684
3682
3699
3768
3777
3773
3808
3720
3811
3805
3813
3785
3834
3816
3741
3746
3859
3704
3831
3844
3798
3942
3857
3830
3930
3907
3882
3905
3860
3898
3805
3939
3934
3941
3849
3926
3853
3926
3917
3911
3975
3944
3978
3951
3946
4023
4078
4002
4005
4046
3920
3959
3868
3959
4058
4021
4096
3937
3999
4060
4030
4112
4070
4021
4124
3968
4065
4070
4052
4106
4047
3999
4085
4065
4075
4084
4102
4119
4094
4123
4175
4168
4153
4109
4049
4052
4130
4139
4138
4098
4136
4182
4092
4093
4175
4165
4131
4125
4169
4147
4131
4136
4207
4119
4160
4174
4136
4117
4201
4175
4275
4181
4192
4315
4187
4156
4164
4246
4278
4167
4156
4260
4180
4227
4287
4279
4219
4178
4205
4237
4158
4253
4230
4185
4259
4322
4172
4250
4208
4247
4279
4296
4252
4338
4299
4196
4220
4274
4208
4218
4373
4189
4220
4220
4292
4211
4263
4218
4291
4285
4289
4293
4324
4378
4301
4258
4307
4309
4210
4161
4346
4244
4295
4273
4271
4269
4321
4241
4284
4311
4317
4308
4336
4285
4259
4279
4369
4243
4378
4258
4336
4367
4253
4263
4335
4339
4301
4246
4343
4367
4301
4361
4354
4325
4361
4329
4366
4301
4393
4387
4302
4344
4272
4320
4409
4330
4368
4417
4308
4299
4362
4379
4383
4462
4354
4294
4345
4342
4373
4287
4325
4288
4393
4362
4364
4365
4423
4360
4446
4380
4382
4361
4365
4358
4354
4410
4407
4373
4371
4372
4385
4379
4349
4373
4398
4512
4376
4487
4470
4381
4322
4416
4411
4479
4306
4323
4468
4381
4324
4351
4331
4381
1909
4447
4335
4469
4469
4407
4409
4411
4454
4382
4382
4412
4398
4471
4553
4471
4322
4427
4459
4449
4485
4504
4527
4445
4403
4407
4370
4491
4509
4434
4393
4480
4392
4580
4506
4470
4417
4447
4496
4504
4481
4474
4453
4497
4414
4405
4403
4439
4402
4380
4462
4447
4545
4515
4426
4421
4481
4530
4484
4418
4511
4524
4442
4420
4448
4560
4452
4495
4512
4379
4474
4420
4475
4567
4538
4526
4438
4476
4407
4546
4523
4523
4543
4544
4397
4506
4512
4512
4536
4495
4466
4480
4502
4533
4541
4499
4563
4429
4417
4529
4563
4511
4533
4572
4537
4495
4556
4463
4572
4604
4550
4565
4551
4597
4525
4539
4445
4525
4560
4555
4550
4479
4611
4596
4562
4553
4557
4625
4602
4449
4529
4549
4524
4588
4581
4582
4519
4558
4611
4624
4591
4546
4507
4616
4472
4516
4598
4663
4511
4502
4587
4633
4591
4558
4573
4509
4587
4667
4652
4607
4567
4603
4563
4590
4707
4708
4545
4509
4584
4602
4612
4533
4570
4642
4573
4551
4560
4528
4675
4652
4598
4533
4621
4696
4638
4551
4559
4657
4554
4610
4605
4760
4684
4619
4676
4621
4667
4615
4548
4645
4739
4667
4601
4728
4617
4697
4594
4642
4778
4679
4545
4515
4676
4643
4637
4760
4636
4585
4610
4601
4596
4659
4621
4670
4714
4696
