5232
5281
5189
5232
5234
5347
5210
5297
5209
5252
5227
5169
5165
5144
5186
5194
5215
5248
5188
5274
5154
5234
5229
5189
5152
5201
5180
5238
5219
5154
5152
5223
5310
5218
5150
5182
5153
5211
5189
5196
5213
5254
5223
5265
5244
5223
5195
5214
5133
5209
5192
5235
5235
5254
5287
5148
5249
5189
5256
5138
5311
5193
5334
5271
5134
5266
5278
5195
5247
5280
5221
5253
5216
5175
5248
5238
5236
5245
5208
5214
5229
5187
5309
5267
5248
5193
5382
5181
5215
5276
5258
5276
5260
5172
5224
5243
5231
5244
5278
5297
5294
5237
5301
5258
5215
5219
5284
5229
5240
5288
5336
5272
5288
5332
5250
5232
5313
5265
5166
5288
5221
5324
5291
5291
5304
5280
5271
5243
5295
5222
5310
5353
5274
5269
5305
5272
5262
5280
5332
5353
5353
5268
5311
5321
5284
5329
5357
5309
5340
5324
5292
5261
5304
5318
5386
5355
5290
5314
5266
5283
5305
5333
5313
5237
5313
5355
5384
5359
5265
5382
5327
5336
5299
5312
5332
5318
5336
5332
5333
5389
5345
5373
5363
5367
5370
5356
5305
5318
5358
5340
5399
5349
5261
5329
5384
5372
5314
5370
5344
5294
5365
5346
5346
5345
5333
5382
5274
5335
5417
5357
5372
5363
5384
5382
5374
5404
5334
5338
5362
5389
5402
5408
5471
5381
5442
5391
5395
5383
5405
5361
5466
5345
5382
5441
5430
5325
5358
5332
5456
5401
5418
5285
5396
5418
5408
5372
5371
5328
5377
5381
5399
5409
5478
5435
5405
5395
5362
5486
5329
5395
5373
5428
5459
5368
5493
5422
5358
5462
5352
5533
5387
5398
5406
5419
5409
5456
5390
5399
5408
5398
5383
5443
5425
5491
5356
5486
5491
5446
5411
5387
5470
5369
5379
5402
5393
5435
5512
5455
5483
5491
5410
5488
5430
5403
5430
5418
5454
5488
5432
5514
5489
5376
5380
5444
5503
5473
5401
5431
5496
5470
5527
5390
5496
5535
5440
5467
5449
5527
5462
5504
5507
5435
5506
5376
5440
5366
5495
5482
5476
5466
5417
5476
5461
5436
5539
5525
5468
5560
5550
5561
5441
5514
5466
5521
5538
5499
5446
5474
5455
5541
5511
5548
5595
5557
5462
5527
5541
5545
5541
5496
5528
5523
5483
5499
5525
5550
5526
5575
5541
5527
5596
5556
5559
5540
5546
5541
5563
5576
5473
5611
5629
5459
5561
5554
5533
5582
5602
5517
5518
5588
5467
5500
5586
5457
5530
5552
5517
5577
5463
5514
5554
5612
5603
5578
5616
5610
5502
5523
5570
5669
5637
5570
5541
5581
5600
5592
5566
5576
5527
5520
5558
5567
5567
5519
5554
5569
5587
5498
5574
5584
5626
5583
5563
5526
5590
5602
5588
5521
5588
5627
5649
5629
5565
5630
5578
5615
5593
5674
5592
5666
5603
5590
5603
5658
5596
5661
5542
5663
5649
5607
5628
5595
5654
5630
5629
5705
5601
5639
5632
5686
5608
5712
5584
5662
5621
5608
5631
5704
5584
5691
5651
5776
5682
5580
5559
5518
5654
5642
5712
