4754
4834
4761
4805
4828
4890
4824
4858
4821
4880
4872
4865
4822
4828
4821
4891
4882
4938
4907
4982
4902
4969
4888
4907
4947
4964
4944
4930
4914
4921
4949
4957
5029
5013
4979
4957
4911
4967
4956
4956
4958
5022
5024
5078
4984
5029
5015
5000
5002
5019
5005
5079
5066
5092
5129
5084
5116
5046
5050
5077
5216
5078
5142
5029
5084
5145
5135
5054
5101
5135
5131
5048
5124
5115
5130
5081
5138
5180
5096
5146
5193
5108
5200
5138
5183
5112
5280
5084
5176
5285
5246
5272
5193
5076
5197
5175
5198
5146
5237
5268
5271
5196
5199
5138
5248
5172
5214
5236
5174
5227
5195
5184
5147
5296
5264
5204
5350
5224
5225
5271
5233
5289
5262
5199
5319
5258
5274
5257
5332
5275
5246
5361
5204
5309
5333
5310
5251
5332
5268
5351
5426
5221
5253
5408
5219
5336
5388
5356
5318
5342
5218
5282
5274
5344
5382
5332
5250
5350
5373
5320
5353
5357
5313
5282
5336
5347
5332
5354
5345
5432
5381
5368
5351
5383
5322
5383
5442
5394
5344
5408
5342
5363
5379
5407
5337
5372
5401
5345
5433
5285
5464
5379
5297
5358
5419
5385
5497
5426
5436
5370
5433
5442
5391
5392
5417
5376
5317
5378
5454
5390
5395
5422
5444
5403
5450
5502
5428
5344
5422
5462
5459
5476
5473
5403
5518
5475
5398
5444
5510
5470
5544
5436
5460
5467
5434
5474
5370
5437
5503
5485
5430
5357
5407
5484
5464
5477
5450
5409
5507
5450
5472
5554
5453
5404
5495
5469
5401
5459
5471
5511
5480
5570
5490
5440
5508
5490
5506
5617
5435
5629
5440
5471
5483
5574
5523
5562
5470
5541
5511
5541
5478
5561
5499
5548
5489
5484
5568
5557
5533
5524
5606
5530
5473
5492
5534
5570
5619
5514
5615
5580
5526
5612
5579
5556
5551
5569
5600
5611
5582
5621
5632
5517
5471
5582
5655
5625
5517
5535
5646
5588
5648
5478
5576
5656
5572
5619
5603
5641
5571
5667
5532
5531
5638
5542
5542
5575
5675
5558
5629
5563
5526
5596
5663
5593
5653
5633
5587
5632
5634
5707
5615
5677
5622
5632
5663
5644
5616
5655
5565
5633
5676
5709
5752
5706
5634
5644
5698
5766
5647
5625
5648
5702
5671
5685
5649
5767
5646
5781
5679
5617
5738
5744
5673
5646
5715
5724
5720
5781
5679
5777
5841
5644
5722
5730
5654
5688
5799
5697
5652
5752
5675
5711
5720
5633
5774
5718
5721
5690
5682
5662
5758
5746
5832
5732
5755
5728
5778
5723
5767
5830
5783
5775
5707
5809
5815
5798
5721
5766
5701
5794
5740
5815
5720
5719
5714
5753
5706
5673
5760
5729
5837
5793
5809
5782
5735
5793
5765
5659
5749
5862
5822
5838
5701
5827
5780
5831
5770
5882
5874
5855
5873
5881
5863
5914
5805
5815
5751
5893
5894
5840
5799
5783
5885
5920
5908
5942
5877
5892
5935
5929
5867
5921
5793
5812
5923
5848
5849
5935
5799
5980
5941
5994
5870
5816
5895
5784
5902
5889
5956
