7202
6819
6845
6948
6842
6852
6867
6821
6822
6746
6868
6770
6804
6756
6882
6859
6812
6754
6781
6773
6714
6723
6798
6811
6794
6877
6770
6823
6787
6842
6658
6832
6815
6825
6837
6755
6754
6821
6757
6782
6876
6840
6898
6837
6868
6821
6787
6898
6919
6884
6899
6856
6790
6786
6772
6904
6894
6835
6944
6786
6855
6928
6861
6932
6815
6799
6896
6772
6846
6952
6833
6944
6866
6901
6859
6815
6901
6881
6825
6902
6848
6977
6945
6981
6894
6893
6853
6863
7010
6883
6972
6822
6953
6952
6896
6921
6916
6914
6958
6916
6911
6946
6884
6895
6873
6934
6945
6994
6849
6846
6899
7042
6965
6885
6965
6974
6964
7027
6978
7004
7016
6853
7010
7053
7055
6969
7056
7094
6890
6864
6921
6979
6868
7050
6899
6927
6941
7057
6981
7080
6992
6945
7159
7149
7001
7021
7043
7002
6941
7059
6944
7036
7089
6946
6990
6951
7084
6964
6961
6990
6978
7054
6990
6980
7027
7043
7041
6988
6998
7050
6983
6964
6965
6975
7100
6990
7083
7020
7039
7019
7001
7071
7049
7065
7170
6985
7074
7010
7056
6958
7035
7102
7126
7118
7027
7026
7092
7068
7067
7040
7122
7137
7004
7132
7005
6988
6986
7079
7128
6981
7144
7104
7054
7105
7024
7057
7055
7056
7123
7182
7053
6970
7148
7135
7050
7177
7120
7065
7063
7138
7196
7016
7111
7164
7177
6978
7217
7153
7131
7059
7198
7043
7076
7091
7111
7082
7082
7057
7172
7210
7095
7181
7136
7024
7068
7154
7104
7134
7140
7183
7129
7148
7015
7058
7211
7191
7010
7027
7219
7176
7031
7109
7072
7173
4761
7175
7159
7161
7137
7158
7134
7151
7220
7153
7126
7274
7185
7098
7239
7263
7019
7248
7161
7167
7232
7249
7290
7222
7148
7183
7167
7216
7218
7107
7147
7279
7245
7258
7126
7182
7243
7184
7305
7295
7265
7218
7175
7237
7083
7157
7194
7255
7178
7166
7204
7182
7232
7215
7184
7173
7226
7258
7269
7262
7237
7301
7244
7215
7260
7222
7223
7227
7148
7203
7330
7209
7220
7296
7307
7289
7162
7170
7225
7255
7271
7345
7304
7410
7129
7286
7384
7300
7293
7253
7156
7197
7217
7279
7269
7292
7387
7244
7150
7206
7247
7246
7216
7289
7282
7294
7391
7230
7399
7367
7345
7368
7351
7248
7210
7251
7221
7252
7295
7241
7300
7290
7374
7334
7355
7355
7380
7367
7305
7258
7365
7318
7340
7363
7348
7400
7341
7374
7384
7301
7289
7413
7295
7448
7287
7339
7379
7562
7319
7401
7452
7384
7281
7319
7374
7280
7352
7377
7485
7355
7413
7346
7390
7388
7498
7474
7327
7325
7350
7393
7373
7391
7349
7452
7409
7289
7386
7367
7457
7492
7372
7334
7475
7530
7450
7393
7289
7312
7349
7444
7435
7524
7488
7395
7466
7354
7398
7436
7353
7375
7466
7456
7365
7522
7439
7416
7388
7474
7567
7489
7386
7340
7478
7452
7349
7582
7509
7396
7403
7427
7424
7471
7534
7459
7511
7509
