3573
3461
3462
3521
3445
3507
3495
3525
3487
3532
3580
3561
3512
3505
3551
3612
3487
3481
3556
3492
3530
3530
3639
3647
3581
3559
3631
3624
3638
3615
3569
3627
3573
3567
3651
3631
3583
3648
3665
3694
3621
3686
3726
3657
3733
3736
3611
3829
3756
3713
3759
3771
3682
3664
3649
3784
3833
3813
3788
3681
3808
3813
3750
3819
3733
3785
3784
3698
3779
3877
3777
3875
3766
3733
3770
3699
3788
3802
3850
3855
3842
3882
3938
3909
3843
3777
3847
3820
3922
3863
3898
3827
3850
3909
3870
3864
3851
3878
3909
3841
3870
3929
3914
3829
3879
3875
3920
3956
3870
3838
3936
3938
3952
3894
3985
3994
3933
3957
3931
3969
3979
3885
4004
4036
3960
3944
3983
3991
3936
3886
3972
3962
3919
4012
3878
3955
4017
4010
3967
4020
3988
3956
4063
4100
4061
4026
4046
3982
3913
4054
3943
3971
4056
3997
3947
3969
4049
3929
4001
4000
4032
4045
3941
3989
4045
4090
4047
3973
4022
4009
4028
3918
4080
3980
4069
3978
4053
4022
4018
4034
4038
4060
4054
4044
4112
4079
4063
4083
4048
3968
4081
4102
4120
4129
4034
4059
4084
4071
4060
4028
4096
4094
4094
4164
4133
4029
4046
4087
4157
4057
4170
4132
4035
4117
4013
4078
4129
4058
4022
4160
4101
4060
4122
4158
4069
4168
4118
4107
4098
4123
4140
3997
4143
4112
4116
4129
4202
4111
4200
4063
4196
4126
4118
4143
4116
4104
4079
4182
4203
4225
4151
4175
4112
4089
4106
4209
4171
4201
4180
4208
4108
4127
4009
4138
4207
4197
4043
4122
4191
4133
4036
4103
4135
4132
1778
4184
4156
4205
4171
4175
4133
4181
4218
4170
4146
4251
4174
4180
4254
4243
4072
4237
4217
4228
4197
4271
4304
4181
4126
4128
4208
4252
4298
4164
4215
4201
4193
4274
4130
4208
4242
4210
4280
4219
4200
4226
4190
4194
4161
4202
4221
4269
4241
4187
4262
4190
4233
4206
4213
4271
4294
4273
4266
4184
4300
4334
4195
4176
4262
4276
4257
4218
4275
4227
4232
4228
4213
4275
4362
4248
4163
4227
4173
4258
4207
4266
4329
4317
4170
4317
4367
4250
4278
4310
4205
4227
4207
4317
4251
4279
4337
4267
4173
4264
4335
4236
4245
4307
4275
4337
4312
4313
4395
4367
4361
4336
4294
4249
4183
4278
4247
4244
4345
4281
4322
4262
4315
4352
4340
4337
4375
4358
4260
4249
4321
4306
4322
4305
4324
4401
4277
4317
4383
4300
4345
4384
4260
4380
4308
4290
4324
4462
4279
4365
4400
4411
4290
4314
4368
4246
4363
4407
4410
4378
4370
4329
4312
4396
4428
4420
4268
4291
4353
4409
4380
4379
4313
4423
4417
4318
4358
4346
4408
4441
4419
4328
4423
4430
4429
4423
4315
4340
4358
4394
4375
4490
4421
4385
4396
4376
4415
4393
4356
4359
4466
4457
4398
4499
4379
4407
4355
4411
4511
4389
4376
4321
4403
4430
4334
4496
4448
4392
4343
4432
4330
4404
4424
4427
4428
4465
