15952
16167
16111
16183
16011
16032
16046
16062
16133
16000
16093
16041
16035
16083
16133
16143
15961
15995
15972
15880
15862
15979
15957
16001
16007
16040
16064
15972
15961
15885
15877
16081
16166
16026
16077
16100
16083
16045
16002
16034
16028
16082
16145
15883
16062
15979
15988
15999
16032
16124
16108
16070
15984
15984
16054
16055
16119
16028
16095
16070
15996
16106
15992
16119
16096
16210
16122
16042
16235
16204
16015
16207
16134
16269
16281
16115
16138
16185
16126
16116
16089
16192
16261
16175
16141
16171
16073
15999
16169
16248
16216
16178
16105
16130
16219
16172
16235
16131
16223
16198
16178
16269
16203
16183
16161
16192
16102
16255
16194
16206
16208
16279
16293
16244
16297
16266
16339
16313
16406
16369
16306
16113
16307
16301
16294
16378
16326
16391
16257
16199
16261
16211
16233
16312
16326
16263
16360
16408
16363
16411
16269
16283
16429
16494
16382
16375
16362
16319
16276
16473
16213
16358
16317
16264
16338
16375
16504
16347
16378
16325
16253
16443
16409
16426
16470
16337
16350
16485
16416
16354
16312
16318
16383
16412
16486
16431
16543
16410
16462
16439
16335
16501
16390
16460
16413
16421
16481
16478
16477
16312
16510
16541
16408
16475
16541
16356
16413
16489
16425
16498
16401
16589
16419
16534
16402
16518
16398
16623
16572
16375
16562
16453
16619
16498
16381
16544
16605
16451
16562
16603
16696
16434
16546
16543
16467
16637
16580
16409
16538
16600
16590
16512
16660
16776
16644
16495
16540
16763
16646
16551
16623
16466
16545
16532
16666
16519
16451
16559
16687
16617
16553
16691
16567
16559
16597
16657
16619
16542
16482
16590
16517
16600
16583
16536
16620
16674
16446
16598
16701
16731
16595
16628
16570
16545
14564
16629
16590
16684
16701
16689
16662
16610
16811
16673
16640
16627
16719
16660
16623
16750
16617
16846
16648
16627
16556
16657
16864
16724
16636
16726
16647
16659
16814
16699
16689
16755
16748
16743
16676
16639
16749
16688
16851
16856
16801
16842
16681
16838
16516
16760
16747
16902
16732
16590
16741
16747
16808
16720
16742
16671
16791
16773
16874
16736
16797
16652
16765
16759
16903
16839
16846
16661
16785
16765
16985
16825
16791
16927
16915
16845
16718
16826
16823
16833
16909
16824
16928
16924
16841
16968
16876
16992
16899
16789
16757
16767
16907
16901
16791
16755
17023
16865
16911
16866
16935
16891
16905
16968
17041
16932
16915
16883
16917
16951
16918
17041
16906
16900
16881
16869
16944
16974
17000
16934
17007
16959
16850
16961
17032
16991
16913
16828
16887
16944
16928
16850
16901
16993
17035
16976
16985
16982
17040
16964
16957
17080
16827
17190
17084
17063
17024
17209
17080
16993
17115
16984
16998
16985
17047
16954
17079
17078
17069
17171
17070
17061
17160
16991
17269
17079
17091
16954
17185
17065
17101
17084
16965
17125
17017
17055
17222
17183
17155
17027
17104
17163
17163
17176
17178
17112
17044
17175
17097
17042
17148
17182
17128
17204
17243
17128
17077
17170
17144
17151
17178
17137
17117
17266
17132
17098
17129
17151
17251
17303
17203
17126
17182
17073
17141
17298
17287
17168
17062
17232
17238
17205
17289
17302
17241
17205
