3225
3121
3113
3149
3141
3153
3164
3168
3219
3156
3215
3207
3177
3180
3247
3227
3223
3192
3268
3121
3199
3261
3240
3308
3284
3228
3230
3340
3238
3282
3224
3259
3276
3293
3310
3262
3248
3320
3258
3364
3325
3403
3382
3316
3366
3316
3284
3452
3393
3372
3360
3372
3347
3334
3310
3380
3487
3385
3374
3354
3395
3422
3396
3419
3410
3464
3391
3372
3392
3484
3365
3454
3392
3436
3428
3431
3429
3485
3472
3495
3472
3435
3607
3468
3432
3422
3488
3407
3512
3452
3499
3495
3529
3485
3469
3556
3558
3529
3519
3490
3564
3531
3531
3490
3562
3534
3462
3550
3520
3464
3528
3568
3563
3549
3581
3585
3543
3567
3547
3572
3556
3543
3565
3610
3606
3618
3644
3613
3532
3556
3561
3598
3540
3572
3504
3586
3567
3580
3574
3629
3572
3576
3675
3692
3558
3675
3579
3569
3591
3645
3506
3520
3702
3617
3598
3605
3650
3605
3553
3631
3574
3620
3623
3586
3642
3678
3653
3627
3645
3619
3612
3538
3669
3651
3645
3573
3615
3601
3610
3624
3658
3652
3678
3641
3701
3699
3657
3650
3689
3608
3673
3686
3652
3720
3637
3635
3719
3673
3624
3656
3659
3684
3657
3739
3646
3649
3649
3695
3740
3629
3724
3667
3716
3690
3635
3704
3716
3672
3707
3742
3723
3667
3752
3738
3644
3785
3737
3709
3678
3673
3772
3659
3730
3723
3727
3672
3793
3809
3801
3689
3800
3711
3734
3784
3741
3633
3677
3729
3788
3760
3757
3727
3694
3734
3697
3804
3720
3811
3734
3799
3776
3736
3672
3679
3760
3812
3641
3673
3794
3737
3722
3745
3720
3690
1660
3762
3690
3800
3769
3655
3735
3766
3789
3741
3755
3782
3799
3838
3809
3771
3704
3823
3766
3796
3732
3802
3845
3765
3716
3813
3783
3828
3888
3772
3778
3768
3770
3855
3781
3808
3836
3838
3864
3787
3759
3881
3783
3838
3717
3762
3853
3868
3793
3793
3789
3768
3850
3810
3759
3741
3787
3818
3858
3735
3876
3861
3800
3767
3825
3850
3811
3819
3859
3816
3807
3789
3878
3888
3916
3794
3760
3806
3754
3921
3807
3838
3850
3880
3793
3841
3883
3822
3799
3840
3759
3803
3804
3843
3838
3768
3943
3778
3819
3829
3946
3824
3842
3917
3935
3910
3915
3785
3896
3927
3887
3866
3871
3828
3842
3890
3789
3860
3885
3832
3864
3856
3868
3883
3935
3893
3918
3912
3860
3858
3919
3901
3848
3947
3905
3905
3843
3865
3891
3907
3914
3908
3845
3935
3821
3867
3860
3968
3843
3916
3959
3975
3871
3890
3919
3844
3856
4017
3944
3915
3885
3861
3950
3944
3965
3963
3865
3869
3875
3930
3958
3917
3969
3939
3905
3868
3912
3908
4009
3972
3929
3856
3994
3961
3976
3911
3817
3993
3897
3942
3934
4075
3951
3907
3930
3928
3951
4014
3904
3910
3987
3990
3937
3977
3938
3955
3873
3946
4012
3924
3917
3852
4004
3967
3902
3992
3966
3962
3899
3960
3897
3921
3980
4025
4016
3980
