27154
29387
29613
29614
29731
29582
29635
29566
29370
29540
29491
29538
29409
29593
29459
29513
29539
29259
29339
29341
29431
29470
29425
29531
29489
29358
29328
29335
29355
29184
29264
29316
29329
29349
29373
29336
29418
29577
28995
29332
29245
29295
29321
29349
29341
29341
29488
29308
29388
29129
29392
29484
29300
29289
29203
29430
29450
29265
29469
29338
29670
29438
29481
29374
29473
29628
29327
29461
29484
29550
29507
29458
29491
29463
29492
29455
29544
29400
29582
29344
29686
29584
29606
29700
29700
29672
29788
29586
28428
29553
29595
29692
29778
29538
29724
29613
29601
29628
29799
29609
29653
29889
29788
29640
29794
29618
29704
29580
29766
29911
29686
29669
29735
29841
29740
30069
29770
29734
29709
29911
29697
29759
29699
29732
29766
29813
29797
29635
29731
29708
29910
30153
29766
29858
29839
29860
29906
29876
30107
29972
29995
29817
29849
30097
29946
29825
30133
29930
29998
29875
29808
29855
29829
29962
30061
30000
30165
30000
30028
29774
30036
30049
30005
30107
29935
30013
30063
29978
30036
29931
29977
29838
30000
30063
30049
30023
30284
30204
30079
30221
30065
30067
30014
30226
30011
30223
30048
30144
30220
30258
30256
30216
30091
30270
30295
30113
30213
30295
30153
30294
30278
30217
30139
30159
30326
30288
30348
30403
30327
30364
30186
30191
30262
30309
30216
30257
30256
30312
30267
30381
30330
30469
30545
30406
30509
30385
30492
30363
30417
30474
30543
30198
28332
30491
30513
30272
30483
30377
30691
30877
30392
30496
30497
30575
30648
30437
30512
30489
30519
30446
30610
30619
30487
30587
30483
30646
30565
30630
30631
30542
30606
30599
30534
30582
30568
30586
30511
30776
30459
30897
30681
30697
30699
30674
30753
30784
30706
30745
30664
30678
30675
30802
30598
30762
30689
30756
30694
30796
30778
30725
30876
30820
30711
30674
30760
30724
30873
30756
30901
30965
30938
31002
30879
30888
30948
30874
30798
30945
30927
30880
30859
30979
30738
30929
30912
30959
30870
31031
30759
30764
31192
30702
30907
31052
31021
31011
30883
30923
31042
31058
31175
30979
31088
30929
30870
30946
30977
31165
31117
30920
31076
31021
31030
31210
31220
31130
31001
31059
31287
31087
31227
31116
31201
31197
31174
31142
31121
31357
31159
31251
31236
31319
31339
31192
31109
31258
31284
31272
31261
31238
31358
31402
31399
31265
31087
31433
31082
31272
31295
31383
31491
31395
31429
31597
31340
31438
31673
31506
31364
31417
31448
31469
31562
31513
31432
31524
31499
31530
31389
31506
31395
31502
31514
31548
31723
31446
31505
31569
31538
31500
31738
31625
31555
31606
31676
31558
31536
31555
31777
31663
31657
31854
31679
31740
31813
31660
31473
31744
31681
31736
31840
31920
31698
31732
31837
31937
31700
31696
31863
31678
31782
31965
31842
31779
31703
31962
31913
31708
31831
32016
31874
31858
32050
31764
31897
31921
32021
32162
32128
31895
31925
32046
31908
32000
31825
32003
32160
32028
32073
31949
31913
32032
32049
31996
32098
32372
31963
32153
32246
32327
32218
32189
32219
32214
32330
32147
32138
32326
32309
32417
32358
32382
32488
32190
32318
32219
32227
32580
32355
