3424
3181
3191
3204
3206
3197
3247
3284
3240
3296
3237
3151
3281
3198
3266
3302
3269
3372
3283
3332
3279
3312
3306
3339
3279
3376
3338
3333
3320
3352
3347
3307
3399
3351
3390
3371
3317
3363
3289
3400
3357
3405
3352
3373
3363
3390
3463
3395
3371
3329
3412
3377
3430
3374
3460
3398
3401
3442
3478
3432
3481
3441
3488
3483
3417
3542
3471
3407
3403
3498
3473
3460
3425
3467
3466
3439
3499
3514
3504
3446
3529
3479
3481
3481
3508
3518
3612
3444
3543
3549
3550
3601
3512
3523
3537
3515
3516
3485
3587
3592
3532
3583
3611
3542
3574
3492
3565
3532
3533
3560
3559
3554
3572
3585
3520
3574
3632
3624
3543
3597
3487
3580
3531
3545
3548
3563
3564
3585
3608
3565
3538
3700
3591
3621
3583
3567
3634
3633
3625
3693
3742
3580
3659
3691
3583
3649
3688
3676
3660
3683
3599
3603
3653
3612
3659
3690
3622
3606
3609
3633
3576
3695
3609
3645
3692
3570
3610
3687
3673
3626
3590
3661
3635
3645
3633
3658
3720
3736
3690
3706
3705
3674
3716
3765
3729
3661
3663
3696
3639
3680
3733
3690
3637
3616
3683
3643
3776
3727
3682
3741
3735
3706
3677
3705
3714
3685
3639
3706
3692
3714
3671
3677
3672
3798
3721
3664
3671
3694
3740
3754
3673
3770
3796
3676
3730
3806
3704
3787
3708
3752
3817
3728
3684
3820
3739
3706
3757
3717
3786
3786
3761
3668
3703
3796
3768
3706
3742
3724
3807
3741
3766
3781
3693
3703
3777
3771
3689
3770
3735
3748
3760
3784
3812
3766
3812
3806
3736
3836
3766
3851
3694
3786
3828
3798
3798
3815
3752
3829
3734
3817
3741
3822
3749
3864
3809
3752
3832
3846
3835
3812
3843
3758
3772
3769
3789
3824
3853
3751
3853
3792
3769
3868
3817
3824
3834
3739
3841
3887
3887
3833
3870
3803
3753
3819
3856
3797
3767
3727
3876
3836
3908
3772
3815
3928
3824
3870
3784
3880
3846
3916
3860
3772
3899
3838
3873
3820
3855
3822
3862
3887
3827
3893
3960
3818
3878
3885
3848
3858
3916
4007
3878
3885
3841
3895
3922
3839
3867
3906
3851
3867
3921
3880
3953
3921
3858
3917
3909
3882
3929
3894
3859
3893
3939
3956
3921
3970
3907
4009
3914
3869
4014
3984
3949
3882
3972
3991
3950
3951
3897
3998
4032
3850
3989
4001
3933
4010
3975
3937
3896
4006
3903
3959
3913
3890
3975
3922
3941
4002
3950
3965
3997
3960
3993
3937
3999
3951
3976
3994
3988
3999
3960
3996
3943
3973
3961
4026
3962
3948
3982
3981
4017
4006
3969
3992
4032
4051
3978
3911
3988
3997
4052
4029
4059
3970
3980
4009
3991
3956
4008
4054
4015
3967
4012
4040
4041
4079
4034
4099
4036
4077
4043
4022
4015
4086
4038
4082
4022
4106
4044
4097
3985
4000
4104
4040
4037
4146
3998
4017
4089
4093
4102
4088
4076
4076
4048
4107
4047
4085
4041
4176
4171
4189
4113
4005
4077
3981
4078
4052
4134
