9494
9563
9515
9486
9490
9568
9578
9510
9468
9518
9447
9515
9427
9395
9462
9463
9431
9311
9453
9448
9429
9508
9468
9418
9439
9424
9473
9492
9457
9451
9487
9465
9437
9477
9411
9375
9347
9416
9327
9355
9412
9509
9374
9475
9452
9487
9425
9435
9369
9351
9441
9480
9512
9521
9439
9502
9498
9450
9464
9377
9527
9365
9556
9448
9424
9502
9443
9468
9467
9540
9502
9473
9423
9406
9466
9402
9440
9558
9448
9462
9574
9464
9564
9412
9478
9483
9671
9431
9240
9573
9576
9571
9503
9405
9533
9502
9489
9491
9532
9557
9572
9567
9673
9456
9593
9485
9571
9582
9559
9502
9588
9434
9567
9640
9549
9479
9646
9478
9490
9595
9450
9559
9600
9541
9523
9502
9568
9602
9532
9586
9541
9743
9578
9687
9640
9615
9588
9609
9548
9605
9767
9568
9624
9714
9445
9656
9673
9673
9717
9737
9523
9584
9571
9590
9761
9672
9690
9631
9684
9553
9578
9715
9617
9601
9600
9687
9634
9618
9627
9722
9585
9662
9658
9676
9715
9720
9785
9679
9680
9804
9656
9622
9733
9677
9650
9674
9664
9699
9732
9746
9654
9686
9681
9664
9689
9646
9778
9777
9692
9733
9726
9753
9764
9616
9730
9763
9671
9664
9800
9656
9710
9768
9685
9791
9720
9729
9780
9672
9775
9760
9777
9815
9754
9717
9808
9747
9706
9786
9778
9775
9780
9709
9617
9803
9776
9777
9723
9803
9891
9868
9783
9713
9696
9901
9724
9729
9782
9742
9783
9892
9802
9880
9815
9830
9803
9818
9753
9803
9796
9807
9771
9893
9807
9754
9870
9843
9755
9826
9752
9904
9744
9784
9788
9866
9902
9917
9843
9910
9811
9757
9830
9918
9811
9957
9840
9900
9883
9878
9869
9890
9902
9802
9819
9771
9860
9928
9860
9835
9953
9875
9831
10031
9832
10011
9936
9922
9912
9958
9968
9957
9905
9893
9729
9897
9978
9839
9839
9868
9956
9834
10064
9912
9942
9999
9965
9969
9914
9883
9868
10099
10010
9876
10016
9894
9844
9885
9907
9981
9994
9900
9802
10010
10024
9859
10004
10021
9911
9931
9993
10124
9972
10044
9939
9958
10032
9972
9961
10013
10025
9963
10081
10042
10138
10039
9973
10048
10062
10135
10037
10002
10043
10066
10115
10116
9946
10149
9957
10145
10060
10021
10086
10172
10106
10035
10073
10074
10147
10151
10071
10118
10126
10023
10124
10202
10084
10041
10123
10074
10053
10100
10083
10077
10099
10027
10184
10095
10064
10123
9945
10066
10185
10148
10209
10103
10253
10223
10175
10134
10150
10205
10178
10197
10120
10214
10231
10173
10015
10168
10128
10167
10218
10154
10121
10113
10137
10187
10160
10066
10200
10155
10228
10217
10137
10230
10136
10239
10183
10027
10178
10234
10311
10229
10160
10239
10153
10249
10232
10352
10275
10235
10158
10289
10193
10286
10200
10295
10247
10352
10281
10222
10152
10239
10378
10233
10281
10466
10262
10306
10274
10315
10266
10379
10225
10297
10295
10310
10346
10439
10347
10392
10305
10406
10417
10274
10321
10135
10351
10370
10365
