4013
3927
3952
3988
3942
4032
3999
4052
4052
4052
4006
4026
4041
3961
4039
4057
4089
4045
4064
4154
4155
4131
4083
4082
4141
4113
4097
4158
4076
4145
4150
4146
4166
4197
4172
4170
4151
4197
4101
4088
4231
4237
4158
4194
4220
4226
4183
4226
4142
4201
4281
4226
4210
4211
4290
4220
4318
4254
4233
4153
4338
4210
4343
4273
4176
4301
4304
4283
4286
4332
4296
4234
4306
4242
4277
4259
4291
4353
4274
4335
4374
4299
4307
4313
4346
4340
4461
4307
4312
4452
4361
4415
4354
4282
4386
4335
4312
4327
4359
4338
4347
4407
4424
4372
4402
4295
4430
4388
4386
4389
4409
4344
4382
4430
4412
4399
4502
4365
4378
4447
4361
4425
4463
4450
4472
4407
4398
4371
4493
4446
4411
4546
4406
4506
4506
4482
4420
4483
4429
4508
4562
4505
4419
4548
4323
4500
4551
4498
4542
4578
4410
4461
4448
4458
4609
4497
4508
4452
4547
4470
4454
4516
4475
4411
4486
4502
4485
4552
4476
4562
4518
4535
4538
4494
4500
4548
4580
4588
4556
4542
4551
4491
4557
4550
4530
4519
4498
4510
4547
4527
4550
4530
4465
4555
4564
4472
4602
4560
4536
4545
4556
4596
4585
4544
4577
4528
4464
4542
4644
4547
4576
4623
4556
4607
4595
4608
4582
4533
4611
4604
4609
4624
4637
4594
4673
4649
4568
4594
4635
4689
4686
4553
4687
4641
4597
4616
4532
4603
4680
4669
4624
4555
4566
4635
4625
4562
4592
4504
4630
4632
4685
4662
4688
4619
4671
4677
4605
4674
4638
4652
4620
4730
4643
4593
4700
4674
4595
4646
4655
4736
4617
4587
4623
4622
4760
4713
4646
4709
4671
4618
4623
4720
4661
4792
4636
4719
4749
4669
4711
4648
4734
4673
4679
4659
4632
4755
4702
4701
4753
4669
4669
4822
4671
4760
4734
4731
4749
4686
4729
4782
4781
4698
4640
4772
4747
4741
4630
4720
4818
4727
4801
4703
4700
4762
4741
4802
4728
4753
4723
4826
4705
4753
4778
4695
4708
4691
4734
4799
4795
4759
4689
4825
4826
4704
4796
4823
4780
4721
4840
4869
4772
4825
4708
4787
4830
4757
4775
4740
4811
4785
4794
4777
4893
4857
4784
4799
4820
4834
4816
4728
4779
4853
4874
4865
4765
4878
4798
4891
4886
4783
4860
4943
4809
4759
4908
4873
4844
4911
4799
4910
4921
4755
4837
4947
4858
4832
4886
4855
4818
4879
4839
4846
4865
4758
4912
4812
4861
4919
4840
4871
4924
4920
4933
4870
5007
4909
4867
4971
4889
4997
4904
4874
4901
4997
4915
4919
4860
4937
4881
4924
4930
4952
4876
4878
4921
4911
4878
4787
4922
4861
4928
4953
4934
4935
4860
4942
4948
4826
4957
5049
5019
4942
4841
5033
4913
5005
4905
5047
4882
4984
4980
4952
4986
4987
4904
4968
4919
5049
4993
5007
4914
4915
5029
4980
4972
5097
5030
4994
5002
4991
4953
5028
4976
5037
4999
5047
5008
5102
5040
5081
4982
5110
5079
4983
4979
4917
5018
4978
5110
