8503
8414
8447
8350
8446
8483
8434
8476
8334
8412
8376
8459
8375
8310
8429
8414
8383
8345
8395
8328
8346
8398
8439
8360
8395
8334
8393
8411
8350
8377
8338
8300
8366
8323
8343
8306
8267
8311
8262
8324
8294
8484
8322
8423
8422
8365
8357
8344
8362
8288
8354
8391
8364
8460
8403
8436
8390
8296
8368
8296
8429
8303
8473
8375
8382
8445
8365
8303
8405
8395
8508
8484
8339
8377
8435
8284
8360
8458
8329
8420
8528
8447
8547
8368
8490
8334
8573
8403
8060
8522
8497
8487
8501
8307
8472
8383
8416
8433
8590
8419
8507
8404
8582
8399
8438
8482
8501
8447
8469
8494
8508
8452
8498
8538
8548
8392
8585
8399
8431
8576
8413
8488
8530
8454
8518
8398
8549
8534
8521
8520
8439
8668
8450
8607
8590
8557
8541
8466
8538
8573
8671
8453
8564
8620
8449
8647
8598
8546
8659
8737
8491
8504
8567
8521
8718
8575
8518
8596
8652
8582
8590
8599
8544
8586
8596
8665
8561
8550
8548
8643
8531
8543
8641
8596
8560
8681
8736
8708
8601
8668
8602
8522
8595
8642
8614
8609
8648
8671
8671
8618
8774
8681
8534
8659
8621
8629
8630
8666
8583
8642
8638
8668
8644
8588
8618
8592
8529
8634
8649
8618
8643
8645
8589
8772
8713
8658
8602
8621
8703
8712
8667
8747
8725
8691
8709
8714
8734
8767
8701
8711
8816
8704
8640
8710
8746
8687
8721
8724
8796
8781
8729
8698
8674
8830
8662
8642
8681
8708
8705
8840
8784
8848
8756
8724
8780
8806
8731
8692
8783
8749
8827
8788
8756
8683
8785
8765
8740
8789
8651
8872
8740
8676
8757
8798
8857
8855
8742
8850
8662
8728
8727
8910
8739
8919
8793
8833
8861
8917
8792
8813
8838
8757
8848
8762
8773
8944
8811
8850
8854
8829
8785
8989
8877
8838
8912
8904
8882
8869
8846
8863
8898
8819
8756
8840
8940
8811
8836
8828
8889
8856
8946
8831
8853
8892
8882
8933
8860
8852
8882
8977
8865
8863
9006
8823
8761
8805
8875
8913
9003
8885
8780
8981
9047
8870
9016
8972
8838
8893
9004
9048
9015
8928
8882
9023
8975
8839
8841
8961
8977
8972
8973
9058
9113
8997
8915
9004
8966
9014
9000
8975
8937
9005
9012
9073
8973
9140
8916
9083
9045
8999
9033
9083
9067
9032
9014
9034
9017
9124
9030
9086
9173
8978
9084
9125
9001
9027
9129
8961
9012
9140
9004
9030
9077
9026
9154
9011
9061
9046
8987
9051
9157
9087
9218
9055
9126
9147
9145
9083
9166
9122
9115
9158
9111
9179
9182
9130
9029
9101
9122
9121
9116
9172
8986
9128
9099
9191
9112
9100
9167
9071
9118
9212
9193
9177
9088
9153
9141
9045
9204
9225
9246
9198
9115
9210
9193
9166
9257
9299
9323
9224
9154
9311
9201
9186
9207
9204
9235
9335
9268
9246
9119
9239
9213
9181
9259
9459
9273
9295
9219
9334
9286
9394
9234
9171
9280
9299
9391
9317
9186
9320
9378
9391
9394
9251
9247
9179
9347
9364
9330
