3996
4110
4075
4090
4130
4122
4085
4125
4141
4210
4121
4108
4191
4086
4151
4210
4184
4175
4215
4214
4213
4218
4273
4215
4246
4184
4234
4274
4273
4267
4160
4207
4210
4252
4249
4309
4251
4247
4194
4268
4303
4408
4316
4333
4341
4335
4307
4303
4268
4272
4315
4346
4324
4429
4382
4358
4406
4382
4379
4301
4474
4345
4467
4360
4322
4449
4456
4333
4353
4447
4392
4392
4390
4404
4435
4329
4418
4472
4376
4430
4487
4390
4448
4395
4419
4502
4628
4415
4296
4563
4587
4533
4431
4371
4453
4413
4443
4387
4526
4473
4473
4477
4525
4502
4498
4521
4496
4528
4517
4558
4541
4511
4467
4586
4512
4493
4553
4504
4500
4601
4438
4530
4607
4561
4587
4505
4607
4534
4621
4575
4505
4707
4519
4627
4681
4545
4582
4545
4581
4638
4701
4591
4581
4666
4475
4646
4647
4637
4680
4736
4568
4536
4593
4604
4657
4643
4547
4661
4684
4570
4547
4697
4576
4597
4642
4712
4607
4608
4646
4632
4577
4618
4660
4653
4595
4720
4728
4741
4658
4672
4669
4598
4620
4696
4680
4646
4710
4674
4731
4676
4820
4718
4636
4680
4676
4637
4731
4688
4612
4750
4741
4681
4725
4663
4671
4681
4582
4717
4728
4687
4649
4701
4751
4788
4720
4727
4683
4680
4773
4770
4688
4814
4813
4780
4802
4803
4672
4801
4751
4729
4896
4720
4816
4783
4728
4672
4730
4796
4800
4828
4778
4696
4673
4880
4780
4726
4746
4690
4724
4802
4840
4820
4784
4742
4816
4763
4812
4774
4787
4817
4846
4819
4791
4756
4813
4808
4791
4891
4727
4907
4745
4697
4751
4808
4841
4836
4766
4884
4823
4775
4738
4864
4757
4894
4797
4838
4886
4912
4827
4826
4874
4830
4826
4803
4779
4933
4840
4839
4968
4848
4805
4957
4855
4913
4858
4932
4852
4897
4875
4892
4964
4817
4791
4870
4880
4896
4774
4826
5024
4818
4992
4800
4861
4939
4894
4952
4816
4944
4884
4928
4855
4859
4994
4851
4850
4871
4929
4903
4977
4888
4870
4996
4954
4892
4982
4978
4884
4892
4994
5045
4977
4915
4876
4965
4985
4910
4937
4933
4925
4956
4938
4979
5108
5003
4924
4941
4977
4984
4925
4939
4923
4957
4975
5013
4943
5029
4967
5022
4931
4966
5039
4985
5015
4943
5043
5027
4871
4990
5003
5034
5093
4956
4999
5061
5032
5021
5045
4960
4887
5055
5021
4953
5015
4932
5062
4972
5005
5042
4957
5004
5051
5083
5123
5062
5142
5020
5047
5098
5052
5065
5036
5077
5010
5116
5094
5127
5029
5080
4958
5050
4978
5029
5018
5018
5053
5053
5047
5021
5080
5034
5129
5158
5091
5009
5046
5094
5148
5038
5096
5146
5183
5080
5040
5152
5081
5161
5117
5182
5117
5100
5092
5126
5187
5098
5139
5164
5102
5164
5081
5173
5052
5080
5174
5151
5131
5236
5159
5157
5149
5174
5180
5237
5170
5158
5100
5176
5192
5113
5086
5254
5235
5299
5202
5122
5132
5089
5197
5183
5230
