7365
7136
7162
7117
7154
7180
7169
7173
7089
7193
7137
7165
7111
7081
7158
7170
7134
7022
7131
7162
7089
7191
7160
7100
7124
7133
7203
7149
7130
7102
7156
7121
7131
7185
7054
7031
7080
7105
6946
7122
7095
7139
7052
7198
7156
7174
7096
7102
7117
7004
7181
7101
7137
7196
7232
7167
7180
7040
7115
7105
7258
7065
7221
7157
7165
7233
7163
7147
7168
7156
7283
7140
7147
7164
7251
7079
7098
7227
7122
7184
7231
7194
7255
7101
7181
7117
7263
7064
6927
7223
7215
7261
7214
7118
7237
7156
7205
7185
7286
7255
7202
7220
7394
7088
7203
7154
7262
7270
7305
7196
7284
7158
7171
7292
7347
7232
7347
7149
7225
7317
7082
7310
7249
7268
7239
7182
7292
7346
7215
7261
7276
7401
7246
7311
7273
7322
7364
7228
7258
7362
7460
7254
7310
7418
7206
7363
7378
7405
7429
7467
7245
7278
7253
7315
7434
7356
7327
7318
7405
7314
7266
7423
7238
7241
7413
7405
7309
7262
7353
7452
7275
7340
7328
7327
7332
7357
7392
7417
7430
7430
7327
7364
7411
7363
7331
7373
7369
7366
7459
7310
7435
7366
7272
7334
7361
7377
7366
7445
7328
7405
7401
7440
7347
7452
7488
7358
7250
7357
7484
7330
7370
7410
7356
7431
7466
7414
7426
7388
7419
7494
7444
7454
7461
7424
7456
7476
7419
7545
7438
7505
7510
7423
7390
7531
7522
7453
7451
7421
7567
7537
7471
7413
7419
7565
7431
7482
7437
7415
7395
7515
7502
7575
7458
7480
7495
7481
7399
7520
7369
7440
7465
7550
7493
7443
7501
7499
7499
7557
7353
7618
7509
7406
7456
7548
7552
7598
7467
7521
7441
7400
7422
7638
7493
7686
7523
7560
7512
7613
7582
7577
7519
7481
7519
7495
7569
7603
7569
7570
7612
7622
7556
7676
7609
7605
7559
7588
7557
7545
7648
7524
7622
7598
7434
7554
7647
7544
7552
7513
7648
7556
7738
7549
7632
7661
7621
7711
7516
7554
7597
7721
7665
7533
7754
7548
7524
7568
7626
7642
7693
7626
7495
7686
7786
7567
7693
7681
7557
7591
7672
7805
7659
7645
7606
7664
7637
7625
7524
7685
7719
7671
7714
7724
7834
7720
7698
7662
7719
7730
7658
7718
7677
7743
7720
7848
7681
7863
7650
7796
7719
7738
7771
7774
7806
7722
7798
7721
7768
7822
7766
7802
7855
7663
7851
7881
7746
7782
7825
7730
7692
7766
7743
7718
7818
7769
7865
7710
7779
7718
7715
7715
7837
7857
7894
7850
7871
7859
7810
7839
7898
7925
7793
7862
7852
7806
7890
7767
7718
7826
7840
7879
8008
7820
7831
7818
7833
7902
7761
7807
7938
7891
7921
7919
7893
7816
7817
7878
7873
7703
7866
7882
7964
7942
7822
7980
7867
7901
7962
8011
7976
7947
7900
7988
7951
8000
7886
8010
7957
8000
7971
7989
7854
7996
7990
7947
8013
8084
7976
7954
8006
8065
8031
8098
7921
7943
7976
8048
8036
8062
7899
8113
8087
8149
8102
8022
8043
7964
7994
8079
8077
