3722
3806
3772
3733
3778
3779
3794
3778
3795
3811
3840
3862
3836
3832
3846
3880
3909
3818
3830
3926
3870
3952
3930
3856
3920
3920
3924
4008
3919
3927
3944
3896
3940
3984
3852
3958
3920
3931
3857
4007
3985
3997
3936
4015
4022
4009
4001
3969
4021
3974
4061
4064
4042
4023
4064
4045
4055
4045
4069
4008
4120
4014
4116
4057
4010
4160
4085
4048
4018
4126
4132
4070
4076
4093
4115
3982
4099
4194
4038
4141
4127
4103
4119
4063
4108
4132
4246
4078
3979
4196
4188
4225
4122
4049
4140
4104
4170
4130
4237
4151
4141
4189
4231
4128
4201
4206
4219
4175
4140
4210
4240
4184
4135
4209
4236
4087
4323
4125
4174
4280
4160
4246
4202
4240
4276
4192
4227
4185
4219
4235
4180
4346
4205
4308
4312
4282
4301
4212
4237
4337
4409
4239
4259
4385
4168
4336
4341
4344
4283
4422
4182
4204
4233
4339
4359
4346
4293
4242
4351
4207
4265
4351
4212
4250
4345
4320
4320
4334
4307
4369
4240
4311
4307
4281
4252
4340
4397
4361
4374
4379
4365
4303
4392
4368
4333
4360
4362
4309
4416
4336
4393
4329
4262
4300
4347
4332
4375
4380
4395
4385
4364
4410
4373
4384
4387
4331
4286
4348
4375
4366
4318
4385
4383
4418
4401
4457
4395
4337
4441
4477
4410
4453
4451
4367
4429
4453
4374
4403
4465
4388
4531
4392
4457
4510
4490
4474
4418
4387
4459
4494
4465
4355
4405
4510
4378
4441
4406
4384
4412
4430
4414
4506
4435
4439
4466
4455
4451
4478
4374
4456
4449
4546
4462
4414
4483
4447
4484
4513
4406
4571
4460
4391
4430
4470
4501
4516
4416
4555
4436
4437
4453
4562
4467
4575
4433
4505
4509
4527
4467
4525
4525
4470
4448
4451
4497
4573
4511
4504
4611
4589
4486
4604
4513
4556
4546
4504
4483
4557
4614
4516
4582
4490
4411
4531
4581
4547
4462
4451
4615
4552
4657
4505
4589
4597
4622
4645
4505
4602
4534
4636
4541
4528
4649
4545
4520
4478
4646
4579
4608
4560
4515
4606
4690
4584
4628
4609
4553
4557
4673
4743
4628
4627
4560
4649
4582
4592
4577
4643
4611
4605
4597
4630
4789
4629
4567
4640
4619
4676
4618
4612
4663
4663
4656
4674
4581
4756
4621
4758
4662
4630
4698
4712
4714
4617
4721
4646
4659
4720
4680
4732
4815
4556
4718
4698
4722
4705
4701
4654
4597
4736
4692
4688
4644
4639
4685
4605
4744
4699
4704
4646
4740
4699
4794
4730
4834
4732
4723
4766
4746
4815
4707
4781
4740
4820
4769
4749
4650
4680
4717
4731
4787
4720
4730
4752
4728
4772
4687
4665
4779
4763
4797
4782
4722
4729
4682
4764
4793
4685
4787
4791
4831
4812
4642
4841
4748
4817
4776
4882
4794
4840
4739
4847
4798
4855
4797
4886
4796
4788
4774
4803
4792
4821
4846
4821
4833
4930
4851
4808
4827
4877
4830
4960
4770
4814
4831
4881
4850
4835
4752
4976
4839
5000
4916
4832
4849
4791
4840
4856
4913
