9296
9360
9278
9509
9288
9415
9343
9342
9226
9273
9346
9300
9281
9261
9386
9357
9271
9234
9245
9222
9159
9297
9280
9297
9317
9335
9297
9282
9272
9236
9133
9286
9254
9228
9298
9315
9312
9350
9265
9339
9330
9243
9301
9222
9299
9380
9295
9350
9392
9368
9331
9415
9265
9231
9240
9338
9392
9291
9387
9325
9310
9380
9358
9328
9327
9357
9334
9299
9364
9379
9301
9397
9363
9390
9409
9265
9368
9419
9311
9415
9422
9371
9468
9429
9420
9344
9362
9308
9404
9352
9385
9329
9383
9457
9415
9460
9447
9357
9405
9380
9453
9458
9494
9363
9398
9403
9384
9445
9476
9389
9391
9464
9523
9448
9492
9487
9435
9529
9486
9465
9498
9348
9424
9563
9523
9452
9603
9499
9350
9437
9460
9478
9356
9539
9438
9473
9474
9535
9515
9492
9509
9469
9562
9577
9510
9565
9537
9509
9372
9582
9445
9549
9623
9452
9463
9422
9582
9481
9503
9511
9455
9585
9507
9505
9523
9624
9591
9518
9521
9509
9435
9458
9515
9539
9593
9502
9561
9497
9575
9433
9435
9626
9470
9544
9614
9520
9582
9477
9617
9437
9685
9553
9559
9525
9471
9463
9561
9625
9502
9522
9534
9629
9556
9614
9512
9556
9593
9572
9643
9508
9607
9682
9582
9548
9467
9612
9565
9546
9616
9711
9614
9481
9550
9683
9524
9696
9602
9551
9558
9654
9676
9568
9648
9583
9647
9546
9676
9578
9600
9553
9710
9632
9607
9572
9696
9550
9562
9627
9649
9635
9615
9653
9630
9548
9625
9651
9646
9695
9606
9666
9564
9626
9543
9624
9643
9714
9644
9537
9694
9649
9579
9642
9605
9697
7180
9634
9679
9671
9713
9671
9662
9600
9680
9664
9637
9687
9716
9650
9741
9690
9670
9714
9656
9646
9647
9689
9727
9693
9603
9653
9634
9684
9780
9674
9701
9724
9648
9794
9631
9701
9695
9737
9816
9717
9743
9746
9675
9664
9574
9694
9702
9772
9618
9725
9662
9690
9741
9782
9751
9644
9766
9729
9795
9703
9762
9784
9657
9702
9784
9710
9704
9739
9699
9725
9752
9688
9786
9840
9814
9708
9657
9723
9697
9820
9805
9861
9856
9824
9678
9820
9787
9789
9766
9674
9647
9702
9761
9759
9786
9745
9858
9777
9764
9744
9845
9761
9742
9846
9803
9745
9818
9733
9845
9870
9797
9846
9862
9785
9711
9797
9745
9841
9819
9802
9796
9846
9791
9845
9847
9811
9849
9837
9849
9772
9761
9782
9730
9801
9825
9895
9811
9852
9948
9826
9779
9898
9803
9939
9728
9792
9875
10050
9804
9869
9866
9893
9823
9782
9827
9774
9898
9894
9918
9914
9858
9845
9881
9848
10015
9926
9867
9814
9777
9799
9859
9917
9899
9882
9913
9824
9933
9899
9992
9949
9814
9887
9931
10030
9980
9881
9792
9849
9889
9959
9896
9997
9942
9874
9930
9896
9866
9920
9841
9869
9930
9939
9921
10003
9941
9954
9837
9886
9970
9976
9930
9873
9991
9893
9866
10018
9918
9975
9820
9889
9926
10002
10021
9995
10000
10015
