3714
3642
3626
3688
3620
3679
3657
3699
3663
3617
3693
3703
3648
3650
3716
3709
3635
3692
3692
3643
3675
3719
3775
3860
3788
3747
3807
3786
3782
3780
3786
3797
3756
3820
3860
3798
3816
3831
3783
3858
3844
3824
3804
3822
3842
3857
3843
3974
3974
3885
3959
3941
3827
3786
3820
3947
3987
3950
3969
3885
3927
3895
3902
4024
3948
3937
3954
3895
3893
4048
3951
3964
3984
3946
3981
3912
4022
4049
4042
3989
4006
4020
4085
4057
3970
3970
3998
3985
3990
3988
4018
3967
3989
4043
4007
4056
4026
4050
4025
3996
4068
4082
4117
4040
4058
4051
4034
4074
4072
4039
4120
4068
4174
4036
4142
4157
4099
4127
4088
4131
4148
4068
4099
4218
4100
4048
4172
4118
3997
4056
4076
4095
4057
4118
4057
4110
4127
4171
4073
4068
4117
4110
4186
4218
4165
4204
4138
4150
4114
4163
4147
4127
4238
4138
4144
4136
4201
4105
4157
4144
4099
4214
4191
4165
4175
4263
4216
4203
4165
4158
4097
4122
4221
4185
4210
4130
4185
4130
4219
4111
4112
4199
4155
4204
4248
4200
4221
4215
4254
4136
4252
4194
4196
4267
4140
4143
4205
4269
4130
4153
4214
4285
4192
4190
4235
4191
4223
4237
4253
4214
4200
4329
4240
4226
4203
4279
4302
4264
4213
4280
4270
4264
4251
4326
4250
4263
4290
4205
4216
4211
4274
4230
4279
4306
4280
4207
4314
4278
4261
4198
4336
4287
4269
4236
4262
4222
4240
4281
4316
4330
4261
4296
4228
4315
4223
4386
4283
4400
4282
4342
4316
4232
4149
4285
4348
4354
4214
4269
4363
4267
4266
4285
4298
4328
1872
4330
4251
4404
4395
4313
4335
4267
4361
4305
4276
4367
4291
4335
4407
4357
4285
4344
4333
4365
4327
4416
4437
4310
4261
4306
4292
4359
4433
4287
4278
4337
4341
4438
4364
4348
4331
4367
4354
4395
4369
4406
4349
4338
4341
4289
4392
4388
4369
4354
4376
4372
4380
4366
4408
4368
4397
4369
4517
4281
4489
4411
4356
4374
4430
4369
4375
4403
4365
4352
4427
4342
4430
4444
4542
4404
4358
4379
4307
4437
4362
4419
4453
4466
4338
4421
4412
4366
4452
4341
4342
4367
4363
4386
4486
4433
4452
4353
4370
4433
4492
4422
4422
4454
4428
4399
4420
4422
4490
4477
4453
4518
4400
4363
4419
4434
4373
4408
4459
4451
4504
4389
4417
4510
4488
4401
4518
4469
4478
4471
4460
4468
4423
4442
4448
4468
4430
4462
4513
4492
4444
4472
4436
4487
4404
4443
4482
4613
4398
4449
4485
4520
4494
4451
4501
4404
4484
4590
4519
4523
4488
4535
4488
4506
4586
4574
4456
4444
4472
4506
4515
4491
4510
4543
4473
4468
4491
4477
4560
4498
4534
4401
4545
4580
4577
4538
4454
4506
4513
4512
4463
4606
4555
4527
4569
4503
4514
4561
4477
4504
4614
4594
4525
4612
4581
4584
4431
4537
4658
4524
4471
4442
4584
4575
4500
4653
4570
4546
4511
4495
4491
4595
4594
4561
4580
4622
