7333
7161
7149
7100
7138
7175
7230
7131
7066
7151
7045
7147
7170
7038
7095
7046
7087
7023
7134
7070
7054
7105
7099
7076
7116
7180
7152
7093
7033
7117
7089
7094
7125
7142
7058
7003
7029
7066
6979
7051
7013
7133
7083
7154
7104
7136
7089
7113
7065
6935
7079
7128
7065
7173
7094
7093
7176
7077
7071
7079
7151
7100
7177
7113
7077
7163
7157
7137
7104
7108
7243
7081
7085
7064
7156
7115
7090
7100
7079
7045
7132
7161
7171
7063
7116
7122
7275
7008
6899
7222
7164
7187
7101
7098
7188
7081
7116
7189
7184
7235
7171
7167
7341
7073
7146
7096
7214
7227
7199
7143
7247
7054
7217
7256
7271
7200
7326
7130
7121
7266
7046
7190
7239
7171
7251
7122
7264
7176
7208
7257
7278
7344
7184
7257
7264
7295
7239
7209
7219
7298
7413
7231
7249
7362
7094
7341
7317
7329
7271
7342
7187
7190
7270
7245
7302
7270
7286
7257
7288
7215
7225
7292
7195
7242
7320
7388
7224
7270
7332
7308
7234
7290
7262
7330
7240
7403
7413
7372
7332
7335
7243
7276
7333
7311
7287
7291
7306
7353
7350
7338
7379
7389
7241
7289
7322
7337
7310
7356
7310
7309
7367
7385
7282
7327
7353
7354
7258
7304
7447
7309
7350
7325
7300
7392
7313
7394
7408
7349
7333
7422
7418
7425
7371
7344
7433
7451
7353
7520
7354
7416
7444
7292
7381
7427
7413
7349
7455
7413
7517
7514
7404
7309
7331
7461
7390
7395
7465
7434
7426
7456
7483
7513
7424
7390
7472
7421
7354
7464
7345
7398
7420
7521
7436
7413
7427
7408
7391
7498
7321
7526
7393
7368
7409
7455
7454
7507
7446
7427
7392
7425
7387
7497
7477
7635
7486
7465
7489
7563
7473
7467
7504
7444
7506
7424
7465
7522
7502
7502
7544
7589
7417
7594
7494
7561
7527
7517
7582
7657
7560
7543
7516
7533
7388
7516
7602
7455
7445
7529
7576
7540
7657
7495
7555
7541
7577
7686
7492
7501
7561
7555
7581
7449
7694
7548
7522
7471
7522
7571
7600
7517
7529
7645
7662
7469
7679
7611
7515
7562
7645
7753
7591
7593
7529
7701
7625
7578
7567
7626
7622
7575
7645
7721
7766
7631
7606
7614
7615
7723
7641
7679
7633
7665
7626
7789
7611
7774
7594
7837
7701
7642
7739
7731
7738
7715
7739
7669
7755
7722
7672
7728
7817
7581
7798
7869
7671
7724
7768
7705
7724
7761
7602
7712
7770
7679
7797
7729
7747
7703
7689
7665
7821
7815
7765
7766
7774
7820
7759
7745
7744
7844
7727
7825
7766
7803
7853
7674
7679
7732
7815
7875
7883
7846
7759
7820
7803
7838
7758
7776
7919
7791
7793
7866
7838
7728
7736
7873
7871
7683
7816
7864
7932
7883
7749
7902
7812
7893
7861
7956
7929
7875
7799
7983
7877
7938
7812
7934
7875
7974
7904
7855
7847
7860
7922
7888
7920
8054
7896
7925
7920
7958
7972
8090
7886
7879
7926
7984
7983
8032
7923
8055
8012
8147
8059
7979
7998
7844
7945
8041
8013
