3722
3771
3735
3761
3730
3762
3800
3836
3804
3833
3734
3844
3875
3807
3821
3844
3815
3815
3883
3894
3860
3900
3909
3803
3938
3890
3921
3918
3842
3956
3969
3917
3949
3953
3888
3951
3964
3859
3818
3997
3958
4021
3929
3971
3995
4004
3951
3926
3899
3895
4020
4003
4006
4032
4041
3975
4001
4012
4015
3972
4119
3976
4081
4053
4011
4101
4125
4048
3988
4066
4120
3977
4085
4086
4088
3963
4036
4098
4038
4055
4181
4076
4064
4026
4047
4093
4210
4015
4022
4111
4154
4200
4045
4053
4163
4064
4121
4119
4148
4162
4109
4158
4196
4093
4146
4070
4155
4143
4126
4155
4217
4127
4130
4185
4189
4142
4240
4165
4156
4220
4054
4227
4255
4195
4234
4122
4205
4196
4186
4227
4225
4318
4207
4252
4227
4234
4224
4196
4185
4315
4371
4251
4192
4347
4150
4319
4315
4331
4267
4389
4229
4165
4242
4291
4365
4246
4236
4305
4265
4204
4202
4273
4191
4218
4319
4275
4276
4310
4310
4343
4249
4275
4240
4225
4260
4379
4387
4345
4299
4344
4269
4258
4345
4319
4321
4290
4362
4281
4337
4314
4375
4382
4244
4232
4308
4323
4341
4363
4358
4382
4338
4353
4348
4359
4313
4291
4232
4328
4414
4323
4282
4340
4352
4391
4350
4405
4368
4343
4379
4384
4389
4402
4419
4373
4437
4442
4367
4421
4436
4376
4539
4313
4447
4438
4401
4365
4347
4426
4458
4442
4377
4275
4347
4463
4340
4391
4426
4359
4365
4428
4464
4443
4457
4385
4424
4388
4359
4465
4391
4410
4427
4474
4424
4413
4481
4394
4381
4524
4392
4525
4418
4391
4449
4419
4451
4534
4393
4511
4453
4443
4379
4518
4461
4594
4383
4442
4530
4522
4484
4458
4511
4461
4454
4451
4458
4495
4481
4455
4490
4518
4446
4586
4487
4582
4508
4529
4547
4556
4589
4516
4523
4476
4376
4504
4511
4519
4445
4443
4606
4546
4638
4463
4532
4595
4524
4602
4473
4492
4501
4572
4500
4449
4631
4512
4439
4418
4566
4595
4587
4492
4479
4609
4607
4546
4622
4622
4540
4558
4599
4705
4530
4571
4505
4563
4609
4500
4598
4570
4537
4643
4546
4629
4692
4602
4597
4521
4552
4673
4577
4549
4593
4601
4558
4648
4555
4734
4549
4686
4578
4554
4660
4656
4653
4590
4647
4640
4655
4706
4631
4693
4792
4596
4699
4747
4621
4669
4703
4630
4578
4688
4609
4663
4669
4613
4638
4611
4704
4673
4640
4618
4703
4742
4660
4719
4728
4698
4689
4724
4655
4771
4699
4731
4726
4694
4737
4691
4658
4641
4681
4736
4769
4697
4651
4721
4727
4768
4700
4636
4739
4712
4723
4719
4697
4663
4673
4760
4749
4605
4730
4817
4762
4752
4681
4870
4685
4784
4755
4794
4729
4800
4761
4762
4787
4850
4741
4800
4776
4823
4784
4758
4757
4727
4827
4815
4827
4829
4778
4769
4835
4824
4845
4853
4756
4737
4761
4824
4852
4834
4772
4873
4866
4964
4842
4806
4833
4671
4812
4866
4932
