8169
8086
8164
8241
8144
8129
8131
8054
8048
8009
8163
8010
8045
8003
8163
8059
8042
8038
7961
7989
8022
8004
8051
8030
7965
8145
8040
8016
7923
8066
7922
8123
8105
8099
8056
8084
8038
8065
7971
8081
8185
8037
8142
8134
8169
8104
7997
8104
8128
8127
8058
8079
7969
7997
8007
8077
8172
8106
8115
8096
8065
8157
8070
8083
8110
8133
8181
8054
8158
8193
8081
8178
8129
8200
8150
8041
8184
8138
8107
8186
8146
8235
8237
8201
8127
8191
8119
8111
8254
8206
8239
8099
8196
8253
8125
8263
8175
8125
8176
8245
8297
8195
8188
8169
8157
8219
8135
8212
8209
8108
8243
8285
8321
8133
8341
8308
8223
8318
8203
8251
8267
8087
8167
8317
8241
8268
8327
8343
8229
8214
8136
8274
8151
8330
8177
8172
8209
8252
8292
8275
8163
8298
8420
8416
8266
8345
8287
8233
8141
8374
8195
8313
8336
8220
8312
8230
8312
8285
8363
8340
8202
8361
8274
8286
8314
8347
8349
8205
8317
8365
8290
8220
8274
8212
8354
8262
8361
8269
8394
8268
8236
8363
8325
8308
8425
8276
8313
8270
8268
8244
8424
8353
8334
8399
8219
8356
8309
8458
8312
8322
8403
8407
8330
8398
8331
8354
8280
8347
8404
8254
8355
8419
8310
8292
8250
8358
8339
8378
8337
8486
8441
8263
8392
8475
8374
8480
8390
8360
8356
8405
8424
8269
8354
8455
8385
8290
8461
8375
8383
8351
8484
8413
8414
8445
8428
8285
8420
8450
8505
8425
8395
8452
8430
8326
8347
8438
8355
8427
8422
8436
8340
8386
8311
8403
8406
8543
8378
8362
8491
8430
8242
8311
8348
8387
5770
8446
8439
8424
8423
8458
8462
8412
8458
8435
8449
8510
8468
8430
8490
8474
8379
8535
8395
8457
8496
8458
8574
8507
8414
8508
8498
8476
8541
8428
8451
8593
8509
8535
8480
8488
8504
8465
8552
8585
8509
8567
8477
8475
8453
8458
8598
8472
8454
8473
8480
8519
8598
8453
8524
8365
8541
8538
8572
8510
8532
8568
8587
8518
8545
8490
8501
8474
8456
8488
8512
8562
8569
8616
8560
8525
8505
8530
8508
8522
8575
8661
8643
8632
8446
8577
8552
8621
8568
8544
8444
8459
8491
8557
8564
8521
8677
8510
8498
8523
8491
8517
8543
8560
8586
8643
8677
8491
8662
8662
8562
8593
8603
8552
8468
8575
8531
8526
8617
8517
8547
8616
8615
8653
8658
8613
8657
8602
8546
8596
8669
8668
8566
8608
8564
8671
8582
8680
8663
8631
8537
8687
8545
8684
8557
8709
8605
8840
8571
8608
8679
8666
8578
8636
8663
8640
8703
8743
8777
8726
8649
8621
8730
8684
8774
8702
8677
8604
8613
8655
8653
8679
8645
8724
8698
8581
8709
8649
8771
8694
8661
8663
8691
8821
8812
8658
8632
8701
8716
8691
8778
8845
8752
8662
8809
8614
8721
8737
8655
8709
8780
8684
8690
8839
8671
8790
8659
8715
8833
8784
8712
8648
8811
8703
8718
8887
8728
8764
8685
8703
8760
8746
8853
8790
8818
8811
