3854
3821
3846
3873
3798
3832
3891
3771
3826
3793
3920
3855
3878
3834
3915
3896
3828
3804
3868
3838
3901
3896
3936
3990
3920
3926
3939
4003
3946
3981
3928
3952
3913
4041
4016
4067
3956
3950
3957
4057
4022
4029
4083
4046
4031
4064
4016
4153
4109
4099
4071
4114
4025
4027
4062
4131
4172
4150
4192
4087
4114
4143
4071
4111
4145
4096
4194
4092
4183
4228
4118
4162
4110
4109
4173
4110
4228
4171
4222
4201
4222
4218
4365
4197
4203
4217
4177
4174
4239
4171
4270
4162
4222
4292
4199
4243
4242
4224
4214
4206
4289
4239
4312
4243
4303
4286
4272
4309
4239
4241
4287
4257
4363
4234
4375
4368
4293
4310
4288
4352
4365
4242
4300
4376
4353
4364
4386
4412
4297
4269
4267
4260
4242
4338
4261
4314
4373
4340
4324
4413
4305
4317
4397
4493
4365
4364
4361
4323
4313
4352
4348
4342
4472
4302
4420
4358
4392
4342
4430
4405
4316
4406
4370
4430
4350
4472
4437
4328
4380
4429
4404
4268
4472
4405
4477
4336
4412
4375
4443
4370
4439
4482
4397
4425
4423
4444
4430
4439
4410
4355
4487
4399
4463
4499
4338
4365
4439
4469
4396
4399
4458
4503
4384
4419
4443
4421
4373
4414
4485
4404
4516
4537
4399
4453
4406
4491
4501
4472
4446
4535
4453
4412
4440
4594
4460
4565
4473
4397
4486
4501
4497
4381
4473
4483
4494
4466
4528
4508
4553
4477
4571
4520
4510
4502
4515
4443
4458
4489
4574
4518
4501
4484
4571
4505
4522
4509
4508
4537
4503
4559
4557
4445
4470
4551
4573
4578
4485
4537
4562
4511
4467
4488
4486
4539
1939
4518
4542
4593
4603
4530
4499
4538
4575
4469
4479
4531
4531
4579
4633
4618
4459
4648
4572
4527
4590
4584
4669
4570
4479
4540
4541
4618
4637
4494
4536
4589
4481
4668
4589
4597
4557
4558
4654
4619
4559
4613
4634
4541
4604
4521
4592
4599
4579
4518
4552
4596
4649
4549
4651
4571
4664
4695
4679
4536
4624
4664
4610
4559
4650
4602
4619
4643
4622
4552
4554
4557
4637
4669
4721
4640
4558
4633
4517
4643
4623
4652
4686
4634
4547
4660
4645
4599
4644
4620
4547
4573
4618
4639
4660
4692
4677
4573
4559
4638
4643
4580
4629
4670
4689
4674
4728
4566
4732
4731
4661
4649
4596
4633
4570
4699
4645
4604
4706
4628
4665
4684
4705
4730
4744
4745
4687
4683
4691
4665
4727
4730
4606
4673
4623
4687
4658
4653
4709
4684
4657
4775
4610
4735
4649
4754
4671
4805
4652
4701
4707
4780
4685
4682
4721
4677
4671
4828
4741
4731
4682
4706
4712
4711
4776
4791
4742
4705
4625
4678
4738
4712
4726
4824
4715
4605
4708
4696
4797
4755
4772
4697
4717
4776
4827
4749
4692
4764
4735
4725
4764
4893
4778
4675
4779
4713
4729
4748
4733
4748
4798
4771
4730
4851
4715
4771
4715
4792
4841
4774
4689
4678
4835
4781
4729
4883
4757
4787
4739
4778
4762
4769
4835
4790
4836
4830
