7396
7100
7175
7071
7135
7119
7143
7188
7070
7170
7102
7128
7101
7085
7116
7115
7102
7031
7112
7114
7134
7182
7191
7086
7127
7090
7132
7141
7121
7099
7085
7099
7111
7160
7085
7043
7079
7045
6965
7060
7109
7152
7083
7132
7110
7152
7128
7097
7080
7037
7212
7082
7093
7144
7157
7105
7171
7098
7100
7082
7208
7039
7252
7205
7087
7194
7134
7133
7144
7159
7204
7172
7096
7104
7219
7079
7159
7101
7083
7081
7221
7175
7199
7127
7127
7103
7273
7071
6953
7190
7231
7299
7192
7071
7182
7166
7167
7180
7227
7243
7140
7130
7370
7131
7211
7169
7247
7223
7279
7168
7265
7143
7195
7282
7333
7199
7293
7149
7133
7244
7060
7224
7257
7212
7277
7122
7261
7244
7196
7198
7208
7379
7254
7315
7340
7271
7246
7255
7259
7365
7452
7221
7248
7371
7182
7363
7397
7330
7345
7394
7238
7172
7281
7294
7358
7283
7308
7288
7300
7260
7213
7365
7284
7236
7436
7359
7286
7302
7325
7331
7276
7339
7360
7303
7290
7405
7423
7351
7447
7400
7256
7284
7405
7367
7282
7294
7346
7334
7360
7346
7411
7405
7237
7328
7388
7306
7373
7488
7343
7432
7361
7436
7377
7291
7331
7354
7337
7297
7442
7284
7293
7349
7331
7461
7413
7440
7375
7352
7436
7465
7364
7454
7409
7420
7460
7482
7402
7452
7397
7451
7530
7328
7376
7472
7555
7377
7399
7416
7541
7515
7475
7342
7319
7442
7423
7405
7406
7414
7426
7506
7459
7513
7427
7455
7425
7431
7366
7485
7466
7410
7401
7509
7480
7411
7477
7442
7435
7586
7370
7565
7416
7484
7474
7519
7528
7583
7491
7496
7464
7422
7360
7665
7540
7662
7481
7512
7522
7563
7562
7507
7485
7506
7477
7443
7546
7609
7515
7587
7620
7589
7543
7611
7603
7626
7613
7541
7557
7598
7597
7531
7536
7527
7420
7522
7624
7517
7536
7511
7609
7539
7727
7553
7571
7626
7589
7660
7498
7514
7601
7675
7576
7556
7645
7545
7489
7516
7627
7567
7678
7621
7456
7727
7695
7568
7641
7629
7544
7628
7706
7757
7656
7681
7570
7643
7685
7646
7523
7669
7669
7650
7725
7720
7803
7682
7644
7671
7731
7690
7627
7713
7631
7705
7701
7798
7656
7846
7563
7805
7743
7654
7727
7806
7739
7710
7809
7720
7789
7727
7710
7821
7831
7697
7804
7875
7728
7801
7805
7713
7754
7843
7651
7723
7739
7686
7814
7733
7783
7714
7682
7703
7794
7786
7854
7810
7834
7887
7801
7799
7793
7853
7858
7832
7776
7878
7879
7795
7723
7751
7774
7854
7848
7822
7799
7827
7827
7886
7763
7755
7907
7831
7876
7873
7907
7794
7757
7898
7926
7673
7851
7917
7879
7886
7764
7907
7846
7907
7919
8001
8006
7893
7822
7926
7919
7966
7848
7947
7822
7942
7949
7932
7903
7899
7991
7910
7980
7998
7924
7965
7970
8090
8063
8038
7956
7912
8019
8016
8084
8038
7893
8117
7993
8129
8037
8005
7983
7876
8012
8042
8076
