3724
3785
3786
3730
3729
3755
3805
3764
3750
3863
3823
3841
3820
3797
3875
3822
3917
3829
3874
3867
3861
3876
3920
3850
3909
3896
3927
3974
3929
3930
3914
3904
4006
3930
3997
3956
3947
3946
3854
3946
3984
3973
3933
4009
3992
3960
4006
4016
3933
3914
4055
3961
3921
4050
4085
3979
4092
4034
4021
3973
4073
3972
4111
4091
3968
4079
4083
4054
4039
4113
4094
4029
4091
4043
4124
4018
4118
4083
4041
4063
4108
4130
4105
4101
4106
4115
4188
4137
3974
4142
4156
4164
4098
4108
4126
4127
4091
4124
4226
4191
4143
4143
4231
4083
4166
4116
4164
4141
4150
4235
4227
4165
4171
4198
4223
4182
4284
4100
4139
4203
4124
4204
4204
4227
4258
4174
4168
4226
4287
4206
4165
4319
4166
4282
4275
4244
4215
4231
4238
4340
4392
4272
4208
4317
4167
4260
4292
4313
4315
4381
4167
4159
4178
4308
4330
4295
4265
4298
4265
4278
4223
4355
4245
4245
4336
4294
4268
4359
4322
4339
4255
4290
4320
4306
4264
4305
4372
4366
4344
4340
4277
4259
4338
4373
4327
4343
4281
4300
4323
4312
4416
4389
4289
4305
4363
4308
4441
4401
4349
4373
4367
4390
4335
4322
4345
4349
4258
4329
4408
4362
4288
4365
4351
4375
4382
4454
4337
4352
4425
4399
4398
4418
4367
4386
4415
4446
4408
4363
4454
4422
4562
4354
4410
4461
4433
4371
4336
4424
4479
4465
4429
4341
4414
4464
4439
4388
4474
4360
4420
4432
4478
4458
4459
4406
4454
4380
4311
4506
4425
4420
4420
4509
4436
4386
4434
4469
4410
4494
4421
4539
4407
4390
4438
4471
4462
4517
4430
4489
4481
4435
4367
4579
4484
4611
4436
4499
4568
4548
4513
4506
4502
4474
4452
4438
4447
4605
4554
4488
4565
4504
4542
4601
4516
4569
4550
4455
4537
4565
4622
4574
4594
4462
4400
4523
4551
4561
4500
4477
4589
4522
4651
4483
4515
4650
4534
4582
4480
4505
4606
4642
4563
4496
4620
4518
4516
4513
4565
4566
4586
4509
4498
4628
4678
4552
4546
4615
4530
4555
4701
4695
4608
4580
4560
4614
4628
4544
4572
4561
4531
4586
4583
4636
4721
4598
4611
4594
4641
4611
4579
4609
4570
4659
4647
4688
4573
4678
4641
4758
4630
4625
4627
4676
4666
4641
4641
4621
4722
4656
4630
4754
4797
4603
4754
4749
4662
4690
4675
4669
4580
4749
4633
4638
4639
4669
4708
4664
4732
4702
4676
4642
4718
4726
4712
4723
4787
4758
4691
4736
4692
4791
4708
4731
4722
4770
4762
4729
4692
4718
4704
4729
4733
4773
4727
4701
4706
4771
4674
4637
4746
4715
4740
4718
4768
4712
4680
4742
4785
4609
4717
4843
4794
4807
4659
4814
4750
4808
4751
4850
4771
4813
4739
4805
4796
4821
4784
4799
4724
4803
4740
4801
4792
4773
4871
4822
4800
4862
4815
4757
4851
4882
4899
4856
4809
4801
4829
4860
4849
4842
4827
4960
4871
4995
4835
4855
4795
4738
4885
4843
4909
