11271
11326
11258
11192
11236
11325
11335
11262
11252
11203
11206
11149
11247
11160
11149
11234
11270
11167
11223
11189
11238
11314
11267
11205
11101
11275
11237
11243
11282
11253
11220
11261
11370
11250
11329
11133
11226
11251
11094
11238
11212
11287
11331
11290
11241
11327
11250
11242
11246
11218
11247
11351
11278
11402
11326
11342
11318
11260
11231
11260
11355
11270
11446
11335
11355
11397
11363
11305
11322
11316
11400
11313
11218
11319
11264
11265
11284
11376
11264
11299
11318
11354
11399
11272
11329
11373
11431
11203
11154
11446
11305
11437
11351
11143
11357
11350
11367
11349
11409
11471
11365
11393
11480
11364
11333
11331
11386
11445
11530
11400
11509
11310
11475
11513
11483
11461
11603
11387
11254
11454
11272
11462
11558
11439
11392
11384
11455
11439
11401
11427
11439
11578
11340
11521
11584
11579
11462
11434
11458
11564
11626
11517
11521
11561
11288
11440
11579
11574
11613
11592
11358
11471
11476
11495
11609
11538
11473
11550
11526
11417
11466
11504
11518
11497
11496
11638
11477
11533
11540
11580
11516
11553
11507
11548
11564
11670
11612
11629
11593
11580
11584
11465
11561
11529
11515
11582
11545
11576
11618
11465
11586
11586
11480
11513
11500
11571
11631
11579
11595
11658
11662
11611
11563
11527
11736
11600
11499
11490
11629
11597
11561
11582
11549
11543
11580
11523
11509
11537
11626
11755
11604
11703
11762
11577
11649
11735
11634
11719
11658
11620
11773
11654
11497
11708
11703
11661
11642
11606
11743
11741
11684
11588
11525
11650
11716
11707
11684
11636
11670
11798
11718
11800
11706
11643
11731
11695
11683
11653
11661
11618
11694
11728
11728
11611
11752
11680
11687
11823
11591
11879
11630
11609
11719
11764
11783
11696
11662
11786
11671
11698
11647
11729
11647
11756
11772
11758
11800
11834
11755
11683
11731
11676
11744
11627
11674
11821
11703
11722
11867
11752
11698
11910
11646
11669
11744
11769
11817
11824
11772
11800
11826
11725
11691
11854
11863
11789
11719
11684
11967
11741
11925
11714
11859
11847
11780
11841
11762
11830
11789
11902
11884
11798
11861
11763
11750
11705
11877
11879
11890
11827
11669
11841
11928
11831
11889
11847
11822
11817
11865
12025
11889
11943
11774
11838
11896
11862
11870
11885
11881
11822
11868
11928
12116
11846
11850
11836
11913
11959
11915
11856
11876
11890
11926
11956
11874
12013
11859
12027
11890
11916
12006
11954
11933
12016
12004
12005
12027
11998
11948
11964
12091
11860
12032
12040
11912
11989
12058
11899
11966
11987
11930
11893
12003
11910
12093
11933
11961
11991
11913
11981
12019
12045
12076
11992
12127
12027
12027
12009
12017
12169
12048
12084
11987
12124
12098
12018
11985
12117
11999
12058
12064
12051
11954
11975
12101
12081
12019
12054
12148
12067
12069
12088
12078
12060
11902
12172
12143
11976
12116
12177
12094
12117
11939
12055
12096
12093
12151
12252
12096
12072
12061
12094
12120
12182
12059
12208
12133
12229
12204
12160
12122
12084
12244
12052
12246
12335
12119
12213
12236
12248
12190
12390
12184
12121
12231
12228
12125
12294
12138
12174
12339
12426
12183
12027
12197
12043
12191
12274
12289
