4302
4321
4273
4285
4218
4422
4310
4299
4440
4364
4357
4327
4401
4361
4430
4408
4396
4461
4473
4506
4515
4493
4460
4464
4461
4479
4459
4498
4433
4483
4561
4574
4586
4520
4511
4501
4523
4519
4434
4520
4540
4534
4590
4529
4555
4639
4547
4535
4473
4534
4632
4626
4586
4711
4642
4638
4680
4620
4658
4543
4671
4578
4726
4641
4683
4693
4717
4687
4621
4721
4727
4654
4569
4686
4707
4660
4716
4755
4676
4723
4659
4674
4735
4604
4732
4746
4805
4605
4729
4802
4747
4849
4660
4545
4683
4656
4702
4745
4824
4823
4741
4776
4802
4740
4678
4720
4726
4770
4809
4800
4850
4759
4812
4851
4820
4804
4893
4722
4722
4775
4712
4834
4868
4790
4915
4724
4844
4702
4876
4880
4810
4890
4788
4901
4881
4938
4851
4855
4900
4938
4965
4888
4882
4905
4752
4913
4943
4939
5018
5003
4792
4803
4775
4884
4995
4930
4870
4905
4848
4784
4891
4899
4813
4844
4872
4946
4923
4945
4936
4941
4899
4899
4822
4923
4844
5009
4943
4958
4955
4996
4969
4855
4940
4936
4867
4927
4869
4909
4955
4843
4996
4911
4864
4851
4900
4940
4973
4951
4948
4964
4918
4982
4944
4967
5025
4966
4831
4858
5038
4944
4930
4967
4897
5015
4944
4952
4927
4906
5075
5089
4979
5073
5131
5007
5070
5123
4987
4981
5063
5040
5150
5003
5072
5120
5058
5044
4994
5019
5085
5087
5050
4964
4978
5046
5052
5082
5125
5006
5059
5127
5100
5149
5121
5045
5065
5029
4937
5078
5057
5009
5001
5077
5123
5034
5099
5064
5015
5130
5034
5272
5010
5012
5057
5140
5090
5095
5082
5181
5035
5075
5046
5126
5077
5132
5100
5071
5187
5194
5129
5067
5166
5023
5128
5020
4998
5225
5055
5117
5215
5115
5054
5301
5064
5084
5185
5113
5130
5227
5135
5106
5229
5130
5067
5218
5204
5159
5083
5082
5335
5133
5177
5061
5226
5284
5190
5198
5101
5186
5187
5250
5193
5114
5239
5072
5167
5081
5229
5191
5195
5104
5153
5194
5283
5179
5183
5210
5204
5154
5287
5359
5164
5185
5139
5193
5288
5178
5205
5212
5171
5240
5229
5278
5435
5262
5248
5215
5295
5348
5236
5191
5239
5261
5331
5324
5241
5281
5225
5298
5219
5218
5339
5321
5206
5239
5252
5359
5314
5355
5250
5394
5393
5208
5431
5297
5293
5312
5356
5267
5226
5342
5254
5168
5337
5234
5337
5314
5290
5401
5304
5213
5381
5303
5375
5343
5490
5421
5322
5352
5352
5477
5378
5378
5319
5486
5438
5372
5340
5356
5328
5306
5362
5391
5322
5256
5428
5346
5336
5335
5419
5329
5370
5426
5397
5372
5241
5430
5492
5305
5422
5462
5452
5457
5275
5419
5368
5496
5426
5566
5394
5420
5446
5355
5442
5492
5380
5504
5341
5463
5488
5469
5405
5415
5551
5348
5514
5587
5425
5495
5521
5531
5460
5615
5443
5517
5471
5491
5448
5587
5419
5539
5589
5649
5418
5378
5467
5344
5503
5518
5582
