7265
6939
6854
6958
6818
6890
6885
6814
6815
6784
6948
6736
6829
6723
6949
6818
6844
6773
6782
6800
6682
6801
6853
6845
6834
6916
6793
6860
6816
6819
6667
6816
6809
6828
6829
6816
6785
6862
6777
6801
6902
6952
6936
6861
6882
6874
6813
6913
6973
6930
6910
6869
6819
6869
6820
6878
6994
6890
6933
6883
6879
6959
6934
6941
6868
6949
6887
6857
6982
6989
6905
7014
6904
6886
6922
6843
6946
6932
6882
6949
6904
7000
6991
6983
6862
6938
6822
6854
6980
6890
6935
6937
6933
6964
6927
7025
6912
6911
6976
6827
7021
6957
6917
6915
6924
6967
6944
7041
6920
6916
6959
6997
7032
6944
7046
7044
6992
7020
7033
7009
7010
6868
6966
7122
6981
7019
7118
7117
6983
6895
6943
7004
6953
7071
6994
6979
7022
7093
7052
7058
6995
6991
7151
7134
7076
7068
7042
7070
7001
7088
6954
7037
7116
7011
7005
6994
7029
6965
7036
7039
7030
7073
7002
7100
7123
7061
7101
7029
7092
7052
7038
7016
7124
7026
7139
6931
7098
7037
7048
7061
6987
7136
7022
7019
7099
7038
7101
7052
7118
6959
7104
7168
7041
7112
7008
7092
7132
7132
7053
7105
7058
7141
7018
7183
7075
7107
6969
7094
7223
7008
7113
7051
7049
7174
7046
7105
7081
7109
7122
7229
7191
7018
7127
7180
7150
7278
7155
7131
7127
7143
7220
7069
7150
7209
7193
7092
7238
7210
7188
7140
7272
7161
7103
7242
7191
7053
7127
7144
7211
7189
7151
7138
7172
7043
7133
7114
7164
7215
7154
7192
7148
7158
7078
7104
7159
7257
7034
7102
7238
7215
7090
7132
7102
7219
4799
7177
7215
7188
7171
7194
7214
7177
7189
7167
7183
7294
7180
7148
7184
7242
7147
7220
7110
7253
7184
7244
7368
7246
7169
7229
7195
7273
7309
7234
7241
7287
7206
7305
7191
7199
7260
7246
7330
7313
7347
7283
7148
7284
7082
7231
7235
7283
7245
7198
7220
7242
7323
7290
7259
7190
7290
7260
7272
7272
7241
7341
7306
7242
7327
7295
7256
7245
7247
7311
7281
7308
7308
7421
7323
7325
7207
7198
7220
7269
7303
7322
7355
7356
7153
7379
7300
7360
7265
7300
7224
7197
7258
7337
7332
7275
7396
7263
7185
7294
7328
7313
7308
7370
7335
7312
7291
7248
7364
7338
7387
7377
7358
7320
7242
7253
7307
7365
7400
7295
7330
7404
7374
7434
7479
7414
7425
7400
7417
7322
7374
7297
7272
7391
7375
7398
7387
7364
7414
7368
7294
7429
7249
7456
7335
7423
7367
7505
7374
7379
7484
7468
7342
7337
7395
7324
7465
7455
7471
7391
7375
7388
7404
7478
7559
7468
7411
7295
7378
7355
7343
7452
7365
7491
7409
7348
7452
7428
7521
7499
7393
7348
7509
7548
7528
7420
7375
7380
7407
7457
7459
7577
7502
7402
7466
7366
7431
7390
7329
7368
7550
7488
7435
7502
7519
7431
7381
7494
7554
7539
7442
7415
7493
7439
7445
7625
7487
7473
7381
7466
7500
7524
7508
7578
7521
7525
