3566
3521
3484
3562
3410
3542
3494
3488
3501
3482
3562
3563
3577
3495
3619
3606
3584
3500
3512
3487
3520
3602
3662
3642
3635
3639
3671
3674
3648
3661
3571
3618
3589
3606
3644
3639
3661
3690
3596
3701
3694
3731
3682
3711
3739
3743
3665
3762
3806
3698
3772
3777
3712
3754
3724
3783
3837
3806
3833
3664
3792
3798
3732
3827
3815
3845
3829
3748
3789
3870
3825
3893
3779
3764
3805
3778
3833
3817
3849
3902
3875
3895
3953
3925
3871
3816
3852
3811
3915
3815
3869
3827
3881
3933
3882
3920
3863
3910
3903
3884
3963
3935
3932
3862
3949
3932
3937
3947
3906
3803
3946
3904
4013
3916
4016
3997
3987
3929
3979
4020
3995
3918
3928
4051
3977
3992
4021
4027
3955
3908
4001
3957
3960
4019
3994
3954
3983
4087
4011
4008
3969
4029
4068
4140
3972
4062
3991
3998
3908
3974
3938
3940
4092
4006
4016
4010
4061
3954
4048
3981
4013
4063
3983
4068
4058
4082
4129
3964
4002
4108
4062
4005
4114
4049
4074
3963
4045
4044
4038
4016
4059
4087
4055
3998
4086
4078
4066
4103
4093
4028
4101
4120
4100
4183
4064
4053
4119
4088
4102
4108
4108
4111
4020
4130
4122
4112
4062
4093
4210
4013
4122
4100
4059
4145
4107
4059
4161
4142
4055
4210
4152
4068
4152
4149
4079
4237
4142
4083
4147
4143
4158
4031
4085
4149
4212
4119
4208
4154
4190
4123
4237
4205
4155
4163
4125
4129
4131
4163
4237
4198
4162
4163
4134
4155
4121
4154
4154
4193
4201
4239
4180
4188
4086
4150
4262
4241
4024
4134
4219
4158
4034
4190
4167
4164
1797
4139
4148
4238
4234
4146
4227
4189
4217
4170
4173
4289
4185
4198
4226
4275
4121
4244
4205
4232
4227
4304
4332
4262
4155
4206
4218
4264
4293
4246
4210
4249
4179
4302
4186
4242
4212
4233
4321
4271
4254
4240
4176
4197
4219
4187
4262
4224
4279
4194
4241
4262
4288
4243
4279
4239
4271
4279
4286
4194
4289
4315
4244
4242
4313
4257
4301
4250
4306
4234
4273
4242
4306
4326
4364
4275
4157
4271
4220
4293
4235
4297
4287
4341
4165
4349
4301
4345
4273
4297
4173
4233
4291
4315
4329
4333
4361
4299
4208
4279
4346
4321
4352
4346
4345
4313
4327
4279
4328
4345
4317
4345
4276
4319
4242
4306
4237
4236
4411
4289
4322
4346
4341
4371
4414
4336
4342
4379
4334
4352
4382
4333
4250
4320
4380
4373
4310
4343
4390
4356
4346
4344
4273
4410
4266
4404
4315
4465
4310
4347
4375
4471
4315
4283
4368
4270
4398
4475
4441
4346
4367
4399
4372
4398
4474
4415
4351
4294
4318
4418
4405
4340
4347
4432
4379
4310
4346
4361
4430
4462
4429
4319
4416
4495
4439
4359
4362
4383
4390
4428
4363
4521
4437
4379
4431
4380
4389
4375
4338
4405
4532
4462
4385
4483
4466
4425
4321
4445
4512
4431
4417
4373
4451
4437
4406
4540
4439
4434
4359
4489
4422
4440
4471
4474
4441
4463
