7422
7149
7254
7077
7193
7236
7156
7235
7099
7220
7082
7184
7150
7034
7187
7065
7139
7020
7071
7089
7112
7158
7175
7057
7094
7155
7187
7163
7108
7131
7144
7078
7137
7147
7072
7134
7028
7120
6945
7130
7031
7183
7048
7200
7106
7097
7119
7134
7137
6996
7150
7140
7107
7152
7137
7085
7169
7041
7134
7096
7173
7063
7187
7174
7126
7276
7137
7143
7096
7169
7222
7144
7152
7124
7150
7048
7133
7163
7137
7123
7183
7203
7250
7054
7118
7145
7249
7056
6918
7215
7240
7205
7209
7145
7215
7188
7214
7190
7250
7224
7160
7139
7356
7163
7191
7185
7238
7194
7207
7183
7317
7137
7222
7227
7295
7197
7289
7200
7154
7297
7114
7233
7261
7194
7282
7108
7326
7245
7210
7227
7266
7419
7177
7320
7293
7313
7286
7235
7275
7296
7415
7249
7237
7367
7209
7367
7351
7315
7294
7405
7238
7188
7210
7271
7407
7298
7320
7362
7323
7258
7236
7377
7290
7247
7346
7374
7297
7322
7343
7357
7315
7347
7283
7268
7241
7365
7461
7425
7353
7369
7281
7286
7383
7270
7306
7312
7282
7369
7369
7306
7425
7433
7264
7374
7279
7324
7413
7343
7360
7358
7385
7388
7317
7325
7363
7336
7258
7321
7432
7359
7293
7336
7256
7457
7362
7367
7399
7387
7389
7452
7374
7442
7418
7382
7454
7406
7381
7472
7451
7473
7502
7317
7366
7430
7453
7389
7412
7370
7553
7524
7455
7281
7347
7501
7464
7397
7370
7439
7407
7485
7501
7557
7467
7399
7450
7434
7384
7494
7351
7403
7475
7474
7443
7382
7500
7479
7381
7471
7380
7507
7442
7424
7444
7526
7537
7545
7450
7482
7426
7449
7422
7653
7504
7676
7526
7520
7514
7556
7500
7521
7489
7521
7512
7409
7498
7530
7565
7553
7578
7618
7476
7530
7507
7631
7592
7597
7569
7561
7678
7527
7542
7521
7398
7543
7607
7518
7507
7467
7594
7551
7668
7495
7586
7610
7540
7644
7516
7591
7506
7670
7627
7545
7687
7515
7464
7534
7554
7557
7642
7594
7468
7643
7714
7529
7637
7646
7520
7588
7716
7708
7605
7622
7628
7645
7685
7582
7633
7639
7646
7588
7700
7707
7788
7674
7589
7611
7623
7722
7640
7691
7657
7727
7713
7800
7600
7785
7539
7790
7756
7654
7782
7747
7775
7679
7768
7759
7714
7746
7679
7726
7825
7679
7804
7906
7699
7712
7784
7741
7758
7782
7677
7726
7790
7708
7867
7673
7813
7723
7661
7683
7877
7805
7776
7742
7801
7831
7768
7832
7813
7834
7759
7835
7797
7765
7882
7793
7728
7833
7789
7867
7838
7879
7763
7739
7799
7870
7745
7757
7875
7799
7835
7838
7791
7747
7767
7818
7818
7700
7823
7919
7970
7960
7778
7839
7834
7871
7949
7962
7971
7888
7775
7953
7940
7939
7913
7924
7895
7931
7878
7893
7853
7913
7919
7889
8028
8028
7993
7996
7951
8028
8032
8106
7889
7924
8018
7997
7991
8033
7912
8131
8046
8095
8090
7980
8018
7855
7946
8072
8036
