3717
3766
3800
3744
3785
3810
3800
3797
3780
3851
3761
3797
3857
3790
3802
3853
3893
3801
3884
3892
3899
3916
3905
3847
3910
3938
3950
3947
3871
3922
4001
3930
3939
3944
3913
3956
3917
3939
3901
4024
3900
3988
3991
3994
4026
3945
3990
3957
3949
3910
4026
4010
3984
4004
4073
3989
4065
4005
4045
3960
4086
3986
4064
4058
3989
4131
4136
4065
4032
4138
4112
4065
4130
4062
4087
3977
4090
4120
4048
4053
4135
4122
4085
4069
4106
4095
4208
4044
3961
4167
4184
4203
4077
4066
4117
4082
4138
4071
4205
4161
4161
4195
4232
4138
4189
4103
4169
4118
4168
4162
4171
4164
4148
4167
4190
4138
4212
4141
4178
4191
4144
4230
4237
4198
4229
4161
4222
4162
4221
4251
4227
4334
4202
4277
4255
4214
4256
4191
4230
4279
4391
4267
4182
4317
4202
4287
4333
4267
4278
4373
4219
4180
4214
4293
4346
4319
4279
4286
4307
4187
4229
4361
4209
4208
4310
4249
4281
4322
4307
4350
4315
4303
4284
4282
4260
4369
4390
4396
4309
4328
4346
4300
4365
4382
4351
4307
4342
4308
4378
4309
4387
4377
4250
4306
4291
4344
4434
4376
4356
4389
4369
4405
4355
4339
4342
4298
4213
4291
4428
4379
4303
4285
4324
4409
4403
4387
4334
4384
4406
4389
4398
4472
4386
4384
4453
4418
4389
4388
4465
4424
4559
4347
4429
4433
4442
4389
4390
4426
4462
4456
4412
4352
4341
4514
4384
4404
4391
4340
4319
4388
4466
4524
4457
4397
4446
4399
4351
4515
4391
4417
4465
4428
4443
4380
4504
4456
4428
4500
4374
4495
4380
4392
4365
4499
4465
4409
4439
4526
4433
4458
4395
4568
4472
4577
4466
4521
4524
4577
4467
4503
4489
4451
4457
4426
4510
4523
4539
4470
4550
4508
4472
4554
4471
4553
4499
4596
4542
4563
4636
4521
4518
4445
4415
4548
4554
4528
4434
4446
4612
4543
4602
4483
4512
4625
4549
4561
4502
4514
4551
4595
4514
4463
4603
4506
4506
4509
4515
4568
4578
4520
4456
4600
4632
4563
4630
4625
4530
4543
4706
4667
4592
4659
4546
4606
4619
4550
4628
4579
4558
4562
4584
4653
4740
4586
4568
4598
4581
4686
4562
4621
4597
4601
4656
4662
4559
4699
4596
4726
4635
4557
4699
4654
4703
4618
4612
4694
4646
4683
4625
4681
4819
4633
4658
4767
4688
4678
4672
4609
4588
4678
4660
4660
4620
4680
4677
4638
4705
4653
4694
4624
4760
4688
4753
4689
4748
4719
4686
4710
4711
4773
4726
4697
4674
4718
4749
4734
4680
4718
4674
4678
4734
4734
4676
4698
4732
4711
4696
4639
4760
4736
4753
4691
4721
4681
4663
4720
4762
4684
4756
4853
4825
4811
4651
4737
4724
4838
4756
4804
4766
4830
4723
4790
4816
4828
4828
4794
4714
4813
4749
4844
4741
4792
4852
4839
4825
4832
4817
4786
4831
4868
4877
4929
4832
4811
4835
4859
4875
4847
4769
4938
4867
4946
4891
4842
4795
4751
4827
4893
4863
