9653
9674
9663
9595
9632
9668
9689
9655
9541
9603
9698
9674
9602
9533
9543
9575
9611
9485
9652
9569
9583
9649
9617
9567
9604
9539
9586
9662
9570
9568
9571
9554
9592
9592
9557
9480
9552
9585
9502
9529
9523
9676
9546
9640
9595
9566
9525
9563
9592
9486
9554
9639
9676
9623
9590
9597
9553
9505
9540
9560
9651
9583
9673
9653
9570
9721
9562
9537
9567
9650
9735
9635
9595
9551
9619
9587
9583
9670
9656
9607
9656
9598
9707
9607
9622
9614
9735
9522
9353
9745
9695
9682
9661
9554
9687
9641
9612
9584
9671
9713
9713
9641
9782
9619
9693
9673
9681
9656
9705
9664
9691
9614
9656
9792
9687
9696
9776
9692
9605
9797
9616
9761
9719
9700
9706
9609
9741
9670
9734
9672
9709
9822
9705
9695
9795
9764
9798
9633
9698
9797
9847
9705
9780
9832
9654
9725
9893
9769
9826
9800
9735
9736
9713
9813
9865
9793
9739
9752
9820
9727
9701
9845
9739
9667
9785
9845
9798
9770
9818
9802
9713
9783
9792
9744
9807
9850
9883
9832
9805
9858
9791
9713
9813
9822
9831
9749
9801
9836
9841
9758
9844
9850
9756
9736
9892
9780
9890
9872
9800
9832
9903
9881
9825
9788
9855
9835
9818
9770
9895
9793
9834
9918
9784
9880
9868
9840
9847
9791
9842
9950
9833
9885
9897
9791
9885
9978
9851
9931
9869
9994
9995
9840
9788
9928
9883
9823
9989
9855
10030
10031
9905
9821
9842
9935
9898
9916
9902
9892
9891
10003
9902
9997
9883
9911
9959
9906
9839
9940
9934
9884
9999
9984
9915
9880
9908
9943
9884
9930
9877
10092
9823
9928
9912
9991
9971
10014
9969
9983
9877
9932
9934
10009
9942
10102
9953
9965
10035
9966
9982
10015
9958
10006
9944
9901
9946
10060
9991
9975
10033
10026
9939
10087
10052
10094
9994
10036
10040
10068
10102
10107
10063
9981
9892
10068
10108
10033
9927
9928
10045
9971
10138
9986
10010
10072
10045
10082
9979
10021
10058
10117
10069
10009
10097
9976
9951
9964
10045
10050
10104
10068
9951
10105
10171
10028
10150
10112
10071
10118
10161
10217
10080
10146
10044
10128
10104
10055
10102
10176
10083
10114
10186
10247
10280
10133
10049
10095
10112
10180
10130
10082
10125
10225
10187
10155
10188
10256
10146
10252
10219
10111
10243
10226
10179
10133
10250
10230
10199
10275
10138
10274
10276
10088
10251
10279
10164
10224
10254
10169
10136
10311
10126
10195
10190
10230
10268
10181
10192
10231
10167
10135
10372
10331
10291
10212
10346
10273
10312
10217
10282
10314
10328
10306
10231
10285
10310
10243
10205
10289
10193
10285
10333
10291
10184
10312
10278
10220
10259
10234
10394
10264
10301
10317
10296
10334
10222
10284
10252
10158
10297
10329
10462
10242
10210
10381
10309
10310
10390
10458
10414
10316
10285
10445
10374
10356
10323
10376
10398
10503
10408
10354
10304
10337
10321
10299
10448
10529
10399
10421
10360
10454
10400
10466
10334
10376
10397
10429
10444
10485
10364
10498
10472
10540
10440
10352
10401
10406
10397
10495
10423
