3813
3852
3841
3787
3827
3863
3912
3919
3865
3920
3897
3843
3955
3882
3905
3941
3935
3883
3954
3998
3990
4005
3889
4002
4005
4014
3955
4015
3994
3976
3998
3984
4009
3992
4021
4033
4011
4074
3976
4028
3955
4090
4043
4115
4096
4036
4079
4050
4013
4055
4103
4134
4094
4103
4115
4046
4076
4049
4097
4062
4195
4114
4167
4090
4092
4184
4168
4094
4105
4200
4165
4152
4115
4123
4183
4091
4200
4192
4139
4130
4243
4192
4201
4141
4205
4173
4302
4087
4145
4263
4292
4250
4172
4127
4198
4143
4227
4166
4276
4244
4249
4190
4269
4139
4273
4170
4233
4222
4282
4297
4274
4212
4193
4324
4257
4272
4364
4218
4256
4315
4243
4280
4298
4277
4293
4219
4252
4297
4318
4275
4254
4360
4255
4318
4364
4272
4316
4308
4377
4345
4414
4338
4375
4361
4234
4299
4381
4330
4360
4431
4253
4244
4280
4380
4461
4318
4305
4280
4338
4237
4294
4385
4350
4328
4345
4365
4343
4390
4375
4409
4318
4365
4389
4349
4338
4370
4408
4387
4325
4403
4355
4316
4400
4429
4421
4364
4356
4350
4402
4340
4423
4401
4299
4382
4445
4408
4438
4411
4417
4440
4502
4460
4393
4451
4403
4373
4294
4385
4440
4388
4356
4391
4357
4463
4510
4465
4429
4387
4459
4491
4423
4445
4504
4430
4468
4536
4379
4462
4501
4472
4583
4412
4607
4489
4511
4413
4485
4476
4551
4570
4464
4415
4421
4545
4474
4480
4491
4420
4427
4523
4499
4523
4468
4490
4501
4456
4398
4519
4433
4484
4521
4564
4485
4399
4515
4483
4450
4547
4484
4615
4430
4516
4456
4534
4506
4540
4510
4583
4468
4512
4510
4539
4470
4625
4534
4542
4596
4621
4543
4562
4560
4570
4489
4460
4473
4611
4608
4523
4617
4540
4548
4684
4569
4622
4552
4614
4623
4615
4682
4658
4668
4486
4506
4605
4638
4627
4479
4532
4635
4587
4665
4530
4611
4620
4566
4624
4534
4639
4626
4610
4620
4564
4700
4538
4550
4567
4595
4605
4630
4535
4499
4666
4662
4586
4611
4683
4661
4666
4707
4706
4605
4632
4572
4648
4657
4604
4681
4656
4642
4637
4699
4689
4727
4667
4641
4636
4657
4673
4658
4632
4658
4678
4670
4645
4711
4705
4709
4730
4690
4586
4749
4721
4675
4668
4743
4792
4706
4745
4663
4788
4819
4643
4728
4789
4724
4747
4767
4694
4618
4721
4683
4704
4730
4654
4749
4711
4715
4769
4686
4659
4833
4863
4763
4716
4870
4716
4722
4792
4759
4774
4826
4806
4747
4827
4800
4776
4738
4769
4743
4710
4784
4755
4708
4739
4713
4743
4715
4750
4788
4692
4803
4815
4773
4792
4734
4780
4774
4689
4804
4879
4916
4797
4741
4855
4783
4844
4791
4840
4802
4862
4865
4817
4853
4852
4836
4866
4840
4885
4863
4882
4761
4772
4897
4814
4848
4967
4808
4873
4872
4907
4855
4943
4834
4892
4888
4862
4903
4894
4813
4924
4938
4995
4841
4844
4857
4806
4913
4884
4946
