5023
5041
5081
5052
4966
5054
5018
5067
5045
5055
5021
5005
5078
5016
4981
4995
5018
5008
5022
5003
5037
5062
5037
5000
5064
5044
4977
5074
5052
4996
5058
4995
5008
5043
5011
4949
4982
5012
4889
4960
4998
5063
5033
5071
5006
5066
4973
5017
4952
4926
4988
5035
5041
5060
5025
5013
5040
5019
5001
4975
5079
4983
5063
4997
5007
5064
5079
4967
4975
5037
5070
5022
4973
5013
5040
4989
4984
5047
4978
5035
5078
5012
5086
5011
5055
5065
5143
5011
4993
5106
5097
5146
5029
4965
5086
4978
5020
4978
5094
5111
5091
5057
5134
5041
5083
5014
5083
5075
5050
5071
5077
5023
5022
5109
5133
5098
5172
5042
5012
5143
5050
5071
5177
5081
5106
5020
5109
5049
5090
5127
5030
5215
5094
5144
5125
5129
5143
5093
5130
5169
5181
5131
5129
5173
5028
5115
5180
5139
5157
5216
5007
5051
5088
5104
5184
5145
5084
5134
5124
5077
5071
5224
5090
5099
5127
5164
5162
5124
5147
5162
5115
5154
5107
5163
5141
5222
5154
5222
5188
5142
5132
5092
5151
5205
5135
5140
5153
5117
5177
5155
5164
5175
5103
5102
5189
5131
5171
5179
5197
5212
5199
5154
5179
5151
5161
5139
5087
5171
5217
5159
5175
5130
5129
5146
5184
5187
5197
5116
5170
5163
5221
5247
5240
5180
5216
5257
5211
5187
5189
5205
5362
5139
5196
5203
5259
5208
5173
5207
5237
5308
5212
5116
5179
5166
5191
5200
5238
5234
5240
5238
5236
5301
5250
5250
5235
5178
5155
5246
5224
5168
5200
5302
5194
5220
5203
5274
5181
5279
5199
5369
5145
5192
5237
5299
5275
5274
5236
5324
5139
5232
5215
5305
5219
5342
5210
5225
5298
5266
5248
5236
5320
5224
5245
5191
5243
5304
5289
5194
5273
5221
5245
5356
5252
5269
5296
5294
5349
5358
5369
5249
5293
5267
5158
5329
5333
5322
5224
5225
5387
5299
5395
5269
5318
5355
5272
5345
5326
5333
5255
5348
5283
5286
5349
5331
5291
5243
5303
5288
5361
5322
5260
5317
5362
5280
5344
5341
5281
5240
5473
5482
5320
5364
5286
5335
5370
5304
5324
5382
5349
5336
5330
5384
5510
5368
5317
5314
5420
5425
5349
5387
5389
5414
5394
5374
5411
5493
5339
5450
5379
5304
5402
5388
5356
5354
5427
5442
5370
5408
5355
5425
5514
5307
5500
5417
5392
5454
5517
5396
5370
5487
5404
5388
5431
5329
5461
5366
5429
5429
5379
5339
5462
5474
5494
5433
5537
5466
5475
5445
5478
5518
5496
5481
5428
5490
5477
5424
5361
5507
5423
5469
5461
5488
5407
5452
5458
5509
5428
5411
5512
5493
5476
5559
5576
5479
5404
5515
5482
5389
5487
5478
5525
5483
5440
5474
5457
5482
5531
5610
5492
5533
5492
5563
5542
5543
5514
5576
5533
5509
5548
5511
5494
5539
5586
5495
5565
5590
5539
5533
5619
5614
5601
5583
5567
5537
5561
5579
5616
5652
5532
5619
5532
5644
5658
5561
5588
5452
5624
5618
5622
