7242
7265
7276
7151
7257
7218
7280
7284
7210
7298
7221
7254
7243
7154
7272
7251
7233
7147
7264
7277
7204
7257
7270
7242
7235
7145
7216
7197
7193
7211
7197
7201
7224
7231
7238
7245
7204
7178
7141
7277
7228
7219
7182
7238
7241
7297
7221
7199
7205
7172
7244
7196
7239
7205
7259
7230
7295
7201
7244
7204
7328
7248
7238
7265
7232
7298
7212
7243
7277
7257
7309
7231
7233
7246
7241
7151
7257
7310
7241
7297
7370
7234
7335
7213
7246
7224
7323
7205
7071
7319
7286
7271
7298
7202
7274
7264
7251
7236
7309
7328
7234
7244
7374
7261
7230
7243
7236
7316
7259
7278
7275
7210
7335
7363
7316
7279
7340
7264
7274
7312
7244
7322
7252
7314
7314
7276
7298
7285
7314
7258
7281
7422
7266
7304
7348
7361
7324
7285
7288
7391
7392
7299
7329
7358
7274
7288
7395
7341
7350
7404
7291
7317
7288
7266
7415
7422
7356
7339
7328
7251
7304
7332
7314
7276
7349
7289
7315
7353
7355
7329
7329
7387
7381
7364
7319
7410
7358
7381
7359
7423
7338
7308
7330
7368
7355
7389
7311
7408
7381
7325
7404
7388
7315
7370
7389
7379
7392
7412
7342
7356
7338
7439
7383
7362
7412
7376
7346
7344
7418
7418
7374
7407
7398
7465
7425
7381
7458
7370
7408
7455
7332
7416
7443
7390
7433
7500
7447
7483
7391
7440
7474
7407
7303
7484
7389
7489
7430
7400
7488
7479
7440
7418
7337
7484
7492
7374
7443
7394
7446
7456
7442
7455
7398
7386
7425
7492
7433
7459
7426
7468
7452
7463
7443
7373
7437
7455
7459
7481
7415
7500
7469
7450
7475
7451
7499
7501
7455
7463
7416
7419
7430
7487
7445
7530
7459
7485
7436
7490
7511
7496
7473
7499
7533
7473
7439
7528
7476
7436
7576
7512
7512
7568
7475
7586
7557
7559
7583
7530
7510
7508
7549
7470
7446
7477
7511
7543
7468
7541
7522
7459
7531
7465
7538
7520
7568
7586
7504
7537
7533
7549
7575
7517
7531
7445
7581
7413
7550
7551
7590
7528
7429
7542
7634
7458
7558
7543
7533
7591
7522
7578
7531
7603
7545
7569
7549
7478
7528
7544
7573
7551
7624
7638
7629
7597
7492
7540
7562
7576
7648
7619
7547
7596
7589
7663
7586
7566
7573
7602
7572
7622
7631
7559
7641
7610
7664
7608
7592
7684
7572
7655
7629
7587
7572
7684
7558
7636
7630
7602
7584
7586
7582
7632
7634
7566
7722
7665
7611
7635
7532
7609
7687
7673
7667
7624
7690
7704
7633
7632
7588
7686
7674
7689
7663
7629
7747
7628
7553
7598
7630
7649
7684
7649
7668
7696
7599
7611
7591
7620
7710
7620
7719
7656
7708
7698
7655
7686
7686
7594
7705
7739
7729
7713
7619
7705
7782
7630
7711
7768
7761
7674
7625
7776
7717
7687
7664
7728
7732
7772
7678
7746
7694
7684
7746
7760
7741
7877
7747
7692
7761
7764
7744
7813
7704
7652
7758
7735
7771
7799
7703
7815
7778
7841
7724
7710
7743
7704
7702
7775
7801
