2952
2961
2957
2949
2970
2956
2968
2936
3028
3087
2962
2963
3039
3010
2967
3006
3031
2994
2989
3062
3032
3106
3076
3024
3081
3053
3036
3082
3084
3058
3085
3054
3062
3107
3103
3049
3050
3107
3053
3119
3131
3136
3123
3133
3122
3122
3103
3094
3076
3091
3115
3155
3109
3153
3174
3104
3194
3145
3181
3156
3213
3121
3169
3153
3110
3225
3206
3128
3084
3159
3251
3164
3122
3170
3234
3140
3188
3193
3151
3200
3214
3113
3192
3153
3218
3189
3296
3125
3191
3294
3223
3257
3184
3176
3214
3139
3197
3164
3288
3265
3212
3219
3288
3223
3252
3208
3251
3250
3234
3247
3239
3254
3244
3263
3309
3243
3341
3215
3232
3271
3268
3262
3290
3260
3296
3209
3219
3207
3308
3269
3258
3330
3241
3321
3328
3266
3295
3289
3296
3364
3347
3328
3317
3395
3255
3318
3365
3288
3311
3360
3237
3260
3250
3334
3308
3323
3330
3298
3297
3255
3240
3343
3275
3279
3331
3279
3332
3351
3309
3341
3312
3355
3301
3321
3325
3387
3366
3372
3304
3334
3337
3295
3344
3386
3340
3353
3300
3324
3380
3324
3400
3343
3290
3320
3347
3320
3347
3321
3376
3381
3379
3381
3386
3360
3361
3336
3280
3366
3429
3372
3361
3355
3371
3355
3408
3430
3377
3332
3415
3386
3372
3428
3459
3374
3439
3460
3407
3374
3427
3392
3503
3351
3406
3423
3442
3383
3350
3410
3391
3487
3382
3351
3378
3430
3389
3413
3446
3377
3430
3428
3441
3458
3473
3410
3478
3391
3377
3472
3453
3436
3405
3439
3413
3418
3431
3444
3396
3497
3403
3562
3371
3433
3476
3466
3477
3434
3432
3504
3386
3491
3411
3484
3431
3496
3395
3466
3524
3495
3463
3443
3511
3446
3426
3418
3416
3547
3480
3392
3515
3468
3481
3504
3448
3483
3487
3483
3537
3607
3512
3520
3534
3422
3407
3487
3510
3530
3420
3461
3539
3484
3567
3455
3481
3543
3501
3519
3500
3520
3503
3537
3462
3451
3549
3474
3455
3413
3488
3510
3527
3488
3491
3504
3528
3467
3533
3581
3501
3484
3626
3617
3545
3525
3474
3543
3552
3474
3553
3551
3495
3519
3545
3573
3678
3549
3538
3501
3575
3620
3559
3544
3570
3584
3571
3539
3565
3618
3607
3621
3559
3521
3607
3564
3573
3536
3542
3581
3526
3585
3562
3662
3701
3523
3593
3608
3623
3608
3649
3572
3569
3642
3574
3577
3598
3545
3603
3560
3604
3619
3611
3542
3652
3639
3622
3612
3710
3637
3598
3632
3576
3697
3646
3619
3599
3638
3650
3615
3572
3646
3571
3610
3581
3643
3603
3599
3650
3571
3578
3607
3698
3656
3628
3694
3650
3578
3584
3679
3656
3580
3672
3649
3693
3601
3561
3697
3657
3696
3652
3752
3659
3653
3650
3660
3676
3708
3667
3668
3666
3652
3670
3722
3685
3659
3692
3666
3709
3679
3656
3649
3715
3690
3680
3730
3677
3709
3703
3722
3717
3771
3657
3722
3674
3780
3737
3670
3647
3631
3679
3726
3763
