2805
2862
2861
2827
2827
2880
2869
2873
2913
2876
2884
2910
2923
2864
2900
2935
2898
2878
2943
2940
2952
2987
2941
2926
2974
2955
2979
2969
2947
2938
2999
2948
2989
2977
2962
2978
2952
2940
2937
3032
3029
3003
2938
3013
2980
2999
3031
3037
2955
2994
3036
3006
3013
3036
3006
3003
3059
3032
3023
2993
3095
3045
3087
3101
3034
3080
3115
3059
3044
3074
3061
3060
3052
3088
3029
2994
3113
3119
3085
3103
3107
3078
3097
3104
3119
3114
3173
3087
3057
3135
3149
3122
3112
3114
3062
3080
3081
3073
3137
3137
3139
3101
3191
3103
3129
3107
3134
3111
3104
3164
3151
3090
3106
3186
3125
3142
3177
3128
3122
3196
3085
3137
3112
3137
3168
3147
3139
3119
3180
3163
3113
3226
3097
3185
3208
3148
3159
3154
3165
3210
3201
3167
3207
3227
3153
3160
3218
3224
3217
3213
3118
3161
3150
3166
3263
3245
3203
3237
3187
3217
3209
3215
3152
3164
3230
3190
3176
3223
3200
3242
3169
3220
3201
3220
3202
3264
3204
3249
3236
3269
3192
3175
3209
3216
3243
3221
3227
3202
3240
3208
3237
3249
3211
3210
3241
3174
3236
3229
3226
3207
3225
3246
3252
3238
3270
3215
3149
3146
3257
3239
3184
3242
3211
3275
3290
3292
3231
3245
3239
3259
3242
3263
3256
3282
3304
3340
3248
3255
3259
3288
3348
3273
3276
3324
3234
3268
3244
3217
3323
3299
3298
3192
3223
3325
3326
3236
3277
3222
3258
3286
3311
3330
3273
3255
3288
3283
3267
3322
3239
3327
3235
3300
3314
3296
3283
3312
3288
3303
3286
3374
3262
3250
3291
3315
3290
3328
3288
3358
3300
3345
3261
3346
3263
3329
3297
3323
3326
3369
3300
3332
3351
3269
3304
3301
3273
3366
3311
3295
3384
3280
3371
3338
3297
3365
3365
3350
3343
3354
3369
3388
3354
3283
3245
3385
3352
3376
3299
3339
3400
3300
3426
3316
3317
3381
3364
3360
3308
3400
3351
3378
3335
3338
3387
3325
3328
3334
3374
3374
3387
3325
3312
3387
3429
3371
3375
3390
3366
3361
3423
3439
3371
3405
3338
3409
3370
3377
3427
3395
3384
3395
3403
3440
3454
3407
3387
3366
3430
3426
3385
3425
3368
3407
3383
3413
3410
3417
3383
3418
3386
3372
3431
3404
3441
3405
3427
3457
3402
3474
3380
3493
3482
3375
3424
3423
3422
3413
3421
3431
3389
3485
3389
3429
3414
3402
3477
3421
3436
3474
3388
3363
3440
3440
3473
3433
3509
3448
3434
3441
3460
3454
3499
3443
3437
3429
3458
3440
3409
3477
3424
3480
3496
3474
3423
3483
3463
3441
3457
3412
3493
3439
3541
3519
3498
3468
3487
3461
3494
3420
3531
3523
3489
3535
3447
3462
3459
3509
3512
3513
3463
3489
3443
3518
3491
3531
3444
3482
3488
3508
3490
3491
3481
3516
3577
3506
3478
3588
3529
3519
3527
3560
3517
3555
3502
3508
3506
3510
3518
3533
3481
3563
3559
3588
3544
3521
3534
3426
3513
3531
3609
