7206
6897
6803
6985
6866
6879
6846
6882
6807
6830
6920
6823
6857
6754
6918
6897
6826
6717
6800
6769
6756
6764
6776
6842
6859
6916
6793
6880
6739
6832
6723
6892
6760
6814
6814
6762
6866
6847
6812
6842
6858
6866
6927
6868
6872
6858
6791
6938
6890
6940
6886
6890
6826
6782
6823
6872
6893
6871
6848
6865
6872
6955
6883
6954
6844
6903
6905
6755
6959
6901
6919
6993
6872
6901
6911
6814
6903
6894
6952
6958
6921
6995
6974
7005
6903
6900
6847
6887
6992
6909
6959
6907
6949
7001
6978
6993
6990
6916
6908
6889
7005
6937
6910
6905
6950
6987
6932
6992
6943
6896
6978
7019
7018
6929
7064
6964
7055
7005
7017
7025
7075
6837
6998
7054
7003
6944
7157
7091
6955
6942
6932
6971
6904
7034
6931
6940
7039
7071
7096
7100
6965
6979
7131
7152
7105
7107
6976
7009
6945
7037
7009
7025
7127
6953
7137
6945
7082
7012
7054
7021
7004
7051
7030
7000
7027
7072
7057
7030
7092
7034
6972
7019
7063
6996
7062
7035
7123
7017
7088
7082
6970
7159
7073
7052
7106
6998
7089
7076
7067
6988
7188
7168
7085
7172
7038
7055
7096
7103
7052
7101
7097
7119
7040
7117
7093
7062
6974
7083
7182
7034
7098
7082
7098
7136
7044
7115
7070
7036
7125
7249
7174
7054
7098
7170
7100
7203
7124
7070
7074
7176
7218
7070
7152
7229
7147
7088
7222
7256
7144
7093
7274
7073
7137
7168
7197
7041
7114
7170
7156
7227
7178
7170
7149
7130
7130
7211
7104
7191
7109
7207
7169
7151
7076
7129
7144
7267
7087
7066
7195
7142
7092
7185
7106
7186
4803
7156
7198
7208
7157
7189
7168
7181
7253
7174
7171
7242
7213
7157
7218
7256
7108
7246
7186
7236
7283
7242
7404
7254
7165
7238
7208
7244
7329
7218
7170
7215
7210
7362
7165
7216
7270
7219
7244
7294
7259
7302
7201
7281
7158
7183
7211
7289
7234
7217
7240
7242
7272
7274
7184
7195
7290
7329
7252
7215
7244
7302
7337
7221
7316
7287
7329
7217
7291
7342
7273
7247
7258
7413
7311
7327
7235
7224
7241
7315
7262
7284
7388
7311
7198
7344
7365
7353
7254
7316
7183
7140
7276
7354
7300
7262
7403
7275
7187
7303
7320
7324
7284
7405
7341
7378
7374
7219
7385
7371
7364
7335
7364
7252
7314
7306
7232
7341
7406
7290
7324
7333
7387
7345
7392
7336
7408
7429
7373
7317
7336
7312
7259
7374
7395
7414
7320
7382
7486
7340
7316
7450
7277
7442
7285
7372
7390
7553
7316
7393
7452
7486
7365
7382
7392
7220
7451
7429
7500
7470
7360
7416
7372
7432
7482
7487
7374
7347
7393
7377
7431
7447
7354
7487
7448
7308
7460
7406
7477
7457
7359
7384
7413
7575
7486
7429
7374
7409
7362
7428
7481
7624
7489
7474
7434
7337
7439
7517
7383
7429
7564
7444
7433
7570
7454
7436
7380
7424
7632
7522
7484
7405
7523
7461
7378
7624
7517
7510
7350
7466
7435
7530
7493
7530
7527
7565
