3530
3503
3491
3540
3459
3485
3537
3553
3477
3505
3627
3505
3571
3526
3607
3602
3537
3536
3578
3539
3548
3569
3602
3646
3582
3595
3619
3667
3608
3618
3548
3670
3566
3648
3672
3654
3642
3676
3651
3701
3681
3752
3723
3688
3743
3706
3668
3817
3769
3745
3811
3770
3727
3757
3710
3744
3819
3758
3782
3714
3789
3785
3762
3834
3766
3774
3829
3671
3797
3866
3842
3822
3843
3783
3828
3730
3844
3817
3836
3876
3873
3873
3955
3932
3884
3818
3812
3840
3940
3836
3905
3828
3929
3915
3858
3868
3874
3870
3972
3920
3926
3951
3943
3870
3956
3899
3911
3966
3880
3915
3937
3936
3972
3941
4047
3936
3986
3993
3970
3979
4000
3886
3971
4012
3956
3986
4054
4008
3984
3877
3934
3951
3896
4008
3902
3949
4062
4080
4000
4005
3930
3973
4037
4138
4073
4038
3989
4016
3941
4029
3958
3964
4089
4042
4018
3940
4053
3999
4053
4012
4043
4037
4034
4045
4040
4090
4102
4016
4055
4077
4045
3952
4114
4006
4039
3995
4087
4022
4087
4055
4046
4096
4094
4034
4082
4080
4032
4130
4104
3997
4144
4092
4106
4153
4071
4022
4066
4124
4054
4049
4128
4090
4048
4112
4096
4059
4025
4097
4163
4057
4142
4090
4057
4098
4070
4123
4138
4128
4100
4229
4130
4102
4109
4145
4119
4208
4152
4079
4088
4132
4171
4063
4145
4132
4206
4092
4212
4175
4195
4068
4277
4129
4148
4170
4155
4140
4114
4172
4205
4222
4145
4135
4137
4141
4179
4237
4146
4249
4121
4245
4199
4195
4077
4168
4193
4248
4044
4149
4224
4156
4107
4184
4113
4157
1813
4132
4145
4243
4199
4180
4166
4200
4240
4201
4203
4275
4212
4171
4277
4255
4097
4250
4188
4211
4248
4252
4333
4217
4143
4237
4219
4279
4261
4185
4198
4210
4225
4358
4189
4266
4250
4192
4272
4242
4218
4235
4216
4209
4160
4176
4232
4292
4241
4219
4281
4207
4284
4270
4191
4214
4238
4340
4272
4170
4263
4287
4294
4262
4331
4276
4255
4234
4350
4219
4207
4271
4218
4343
4370
4310
4165
4234
4196
4345
4227
4268
4315
4337
4181
4335
4284
4264
4244
4268
4172
4195
4273
4311
4284
4295
4375
4286
4188
4283
4308
4327
4279
4375
4372
4331
4346
4249
4360
4327
4306
4334
4287
4258
4276
4354
4248
4281
4391
4256
4340
4314
4359
4412
4384
4354
4370
4405
4303
4257
4385
4309
4255
4349
4397
4373
4349
4350
4394
4319
4375
4328
4241
4428
4230
4404
4338
4478
4301
4395
4405
4439
4403
4339
4381
4263
4331
4424
4445
4394
4366
4388
4393
4413
4457
4455
4311
4308
4354
4336
4404
4375
4382
4458
4399
4317
4369
4356
4433
4478
4406
4309
4375
4505
4451
4383
4385
4387
4406
4382
4391
4492
4500
4417
4370
4348
4408
4448
4351
4383
4472
4450
4386
4516
4366
4439
4333
4423
4531
4332
4368
4379
4491
4429
4358
4521
4413
4379
4347
4419
4382
4425
4440
4475
4463
4517
