25403
28174
28270
28408
28219
28403
28274
28229
28219
28239
28334
28207
28112
28272
28313
28227
28185
28205
28011
28066
27945
28099
28122
28043
28096
28076
28179
28088
28162
28009
27882
28239
28304
28046
28146
28022
28176
28118
28145
28293
28164
28224
28192
28119
27925
28075
27978
28035
28182
28245
28193
28187
28298
28206
28238
28243
28180
28349
28298
28114
28317
28222
28239
28291
27997
28389
28405
28407
28345
28400
28300
28384
28490
28237
28378
28251
28406
28327
28425
28337
28422
28468
28383
28386
28391
28461
28377
28205
28485
28413
28535
28447
28297
28499
28528
28457
28452
28298
28639
28497
28576
28746
28460
27954
28568
28370
28483
28501
28558
28636
28428
28480
28586
28605
28593
28626
28780
28592
28706
28713
28622
28509
28602
28764
28675
28790
28726
28899
28623
28561
28659
28523
28610
28768
28752
28619
28795
28865
28657
28789
28838
28782
28944
29050
28796
28861
28802
28776
28673
28856
28759
28706
28705
28731
28832
28854
28707
28815
28637
28760
28769
28871
28832
28863
29102
28947
28732
28942
28892
28712
28819
28868
28879
28806
28891
29024
28886
28843
28944
29012
28675
28980
28910
29003
28984
28999
28783
28902
28901
28881
29167
29024
28993
29060
28999
29023
28918
29056
28958
29221
29046
29093
29058
28958
28960
29125
29001
29157
29234
28927
29061
28950
29083
29100
29002
29068
29026
28944
29038
29137
29210
29081
29102
29099
28923
29105
29075
29014
29052
29092
29247
29246
29192
29239
29330
29093
29142
29334
29245
29069
29178
29150
29238
29272
29342
29134
29205
29214
29380
29300
29206
29164
29249
29233
29312
29233
29053
29192
29183
29362
29142
29204
29164
29134
29207
29427
29199
29292
29443
29333
29293
29316
29138
29197
27321
28750
29417
29494
29327
29323
29396
29385
29419
29428
29419
29249
29596
29376
29320
29406
29327
29461
29377
29409
29491
29373
29624
29498
29431
29395
29481
29465
29547
29412
29521
29442
29677
29610
29567
29279
29427
29395
29566
29614
29478
29279
29342
29518
29420
29610
29586
29508
29650
29340
29631
29513
29480
29503
29481
29331
29477
29619
29661
29639
29580
29698
29521
29655
29578
29593
29665
29519
29465
29607
29659
29578
29570
29764
29675
29708
29506
29652
29674
29556
29824
29538
29672
29689
29685
29709
29773
29804
29767
29572
29527
29722
29795
29780
29576
29750
29831
29782
29668
29853
29722
29661
29653
29852
29926
29801
29875
29780
29668
29922
29875
29722
29829
29869
29666
29765
29692
29711
29884
29877
30031
29876
29687
29846
29983
29815
30018
29788
29957
29979
29837
29742
29748
29886
29892
29843
29883
29893
29984
29788
29683
29985
29801
30113
29917
30056
29953
29925
30056
30027
30053
30096
29948
29882
30129
29927
30054
30051
30093
30214
30021
30259
30143
30092
30164
30196
30157
29884
30256
30214
30225
30041
30053
30165
30092
30104
30287
30193
30024
30029
30158
30380
30207
30330
30196
30235
30122
30281
30078
30132
30154
30314
30193
30189
30177
30254
30108
30242
30212
30333
30221
30217
30165
30345
30265
30375
30205
30262
30309
30410
30510
30393
30231
30046
30231
30470
30475
30214
30171
30238
30392
30401
30451
30386
30333
30278
