3240
2959
2953
2989
2925
2959
2934
2980
3005
3002
3059
2981
3004
2965
3026
3004
3002
3018
2946
2944
2960
3039
3074
3034
3076
3037
3043
3082
3071
3070
2982
3069
3095
3067
3074
3109
3068
3122
3083
3138
3097
3160
3089
3139
3136
3147
3132
3213
3228
3162
3212
3199
3171
3079
3134
3162
3301
3186
3207
3133
3237
3129
3157
3228
3197
3209
3223
3182
3186
3202
3181
3251
3195
3231
3220
3198
3274
3269
3232
3305
3224
3236
3308
3225
3258
3231
3268
3236
3292
3287
3302
3219
3262
3257
3267
3308
3296
3245
3248
3239
3304
3343
3323
3256
3344
3293
3314
3333
3272
3288
3276
3350
3359
3355
3403
3413
3366
3331
3369
3360
3353
3306
3395
3421
3364
3337
3389
3445
3246
3263
3353
3361
3335
3323
3358
3330
3313
3410
3302
3406
3334
3339
3403
3476
3388
3397
3403
3365
3302
3368
3351
3358
3411
3345
3389
3410
3414
3371
3383
3348
3377
3423
3394
3349
3374
3451
3424
3351
3397
3345
3359
3363
3456
3379
3436
3361
3418
3401
3402
3428
3441
3395
3430
3397
3484
3459
3361
3384
3480
3375
3433
3452
3455
3469
3437
3398
3453
3410
3418
3422
3446
3494
3376
3465
3472
3399
3393
3428
3476
3429
3503
3435
3433
3468
3400
3436
3429
3460
3433
3508
3476
3427
3452
3524
3493
3532
3499
3513
3422
3492
3519
3431
3481
3533
3470
3451
3554
3555
3546
3504
3612
3491
3493
3472
3471
3441
3421
3481
3521
3548
3469
3562
3470
3528
3482
3548
3516
3561
3506
3526
3529
3511
3422
3460
3535
3592
3464
3503
3576
3508
3477
3497
3483
3492
1514
3562
3523
3536
3520
3528
3611
3522
3558
3588
3556
3497
3509
3558
3592
3566
3508
3611
3578
3582
3515
3552
3630
3589
3533
3539
3480
3589
3612
3569
3505
3582
3553
3610
3558
3595
3537
3562
3631
3558
3544
3629
3541
3589
3510
3527
3531
3548
3550
3537
3518
3522
3612
3567
3549
3483
3573
3575
3586
3493
3613
3658
3567
3511
3637
3608
3526
3598
3576
3565
3648
3534
3649
3597
3669
3558
3521
3565
3523
3664
3574
3655
3622
3636
3575
3595
3569
3607
3590
3576
3559
3522
3622
3574
3589
3602
3665
3533
3571
3583
3687
3582
3612
3622
3618
3617
3663
3599
3630
3670
3655
3659
3625
3628
3610
3623
3577
3571
3715
3608
3647
3580
3598
3618
3651
3655
3639
3664
3631
3582
3614
3602
3517
3680
3664
3667
3625
3620
3684
3627
3672
3670
3614
3667
3587
3608
3658
3728
3602
3663
3734
3747
3625
3662
3671
3617
3641
3727
3703
3610
3630
3680
3657
3735
3815
3684
3607
3574
3636
3632
3683
3712
3744
3747
3645
3634
3713
3650
3709
3731
3644
3662
3718
3755
3715
3665
3648
3691
3718
3715
3687
3762
3722
3625
3691
3646
3678
3697
3602
3671
3726
3703
3667
3747
3738
3739
3651
3685
3778
3687
3670
3635
3736
3655
3649
3771
3741
3735
3657
3729
3681
3737
3751
3707
3713
3726
