9341
9356
9349
9451
9400
9362
9326
9270
9375
9233
9353
9315
9333
9228
9367
9323
9309
9209
9285
9202
9276
9263
9294
9260
9370
9358
9241
9306
9197
9280
9146
9340
9287
9232
9289
9283
9231
9302
9220
9317
9355
9266
9386
9248
9291
9317
9242
9370
9333
9367
9322
9352
9230
9241
9242
9368
9417
9342
9408
9301
9312
9342
9276
9361
9300
9348
9372
9279
9385
9371
9336
9397
9285
9366
9413
9294
9398
9346
9392
9406
9357
9408
9444
9435
9386
9418
9349
9266
9449
9390
9421
9335
9407
9456
9385
9415
9463
9403
9372
9378
9484
9398
9423
9381
9396
9403
9341
9505
9435
9379
9477
9438
9471
9451
9459
9492
9437
9473
9485
9471
9513
9371
9425
9582
9502
9473
9566
9547
9412
9363
9490
9397
9413
9420
9483
9428
9507
9440
9452
9570
9465
9431
9618
9611
9504
9557
9515
9503
9442
9516
9450
9550
9573
9444
9451
9474
9570
9482
9508
9505
9409
9565
9532
9538
9622
9576
9582
9453
9529
9514
9399
9537
9463
9483
9542
9548
9553
9498
9543
9410
9414
9601
9592
9515
9574
9543
9570
9513
9614
9453
9581
9641
9567
9574
9443
9507
9539
9620
9465
9521
9543
9675
9527
9636
9549
9485
9541
9629
9639
9461
9571
9529
9654
9532
9419
9607
9535
9521
9548
9669
9587
9537
9586
9661
9468
9657
9637
9577
9566
9627
9654
9560
9655
9583
9558
9562
9671
9613
9634
9499
9702
9612
9619
9606
9599
9490
9597
9620
9711
9589
9520
9656
9641
9571
9572
9626
9552
9746
9631
9683
9593
9644
9520
9502
9718
9673
9542
9546
9733
9619
9540
9595
9563
9635
7159
9592
9693
9633
9657
9639
9624
9615
9678
9699
9605
9635
9670
9667
9683
9671
9547
9702
9660
9684
9642
9682
9813
9669
9651
9660
9641
9677
9735
9632
9690
9738
9686
9801
9675
9725
9694
9738
9786
9763
9702
9770
9658
9753
9593
9706
9782
9690
9655
9668
9600
9722
9793
9727
9766
9557
9756
9698
9743
9648
9760
9756
9698
9697
9743
9736
9747
9619
9752
9729
9697
9734
9786
9844
9737
9777
9594
9734
9622
9758
9781
9809
9796
9772
9634
9771
9788
9818
9796
9717
9649
9714
9729
9730
9787
9716
9823
9722
9773
9725
9783
9713
9668
9803
9836
9793
9802
9652
9825
9885
9790
9757
9845
9745
9706
9723
9687
9712
9810
9807
9784
9870
9812
9812
9796
9842
9866
9782
9802
9782
9749
9823
9715
9858
9796
9883
9743
9817
9956
9774
9811
9955
9769
9971
9843
9806
9807
9965
9802
9814
9915
9825
9737
9782
9887
9765
9875
9913
9960
9895
9818
9875
9942
9839
10032
9923
9870
9822
9845
9796
9834
9905
9836
9932
9935
9863
9954
9834
10066
9937
9773
9846
9953
9997
9974
9814
9815
9821
9917
9898
9917
10058
10019
9900
9962
9886
9836
9882
9811
9847
9999
9936
9890
10047
9904
9904
9881
9908
10060
9950
9880
9847
10035
9925
9892
10070
9983
9952
9853
9971
9893
9968
10011
9920
9949
10033
