3698
3690
3632
3614
3631
3647
3608
3648
3687
3602
3710
3713
3671
3590
3750
3696
3677
3641
3722
3624
3761
3778
3709
3778
3761
3742
3784
3774
3781
3777
3720
3786
3768
3708
3848
3819
3774
3852
3777
3848
3853
3828
3826
3802
3806
3846
3784
3924
3883
3844
3900
3904
3805
3819
3772
3899
3968
3897
3940
3825
3909
3923
3894
3974
3960
3955
3944
3875
3899
3972
3906
3943
3966
3963
3976
3915
3986
3962
3964
3979
3974
3989
4124
4031
4000
3989
4008
3906
4052
3921
4061
3942
4037
4058
4029
3999
4035
4061
4022
3997
4115
4004
4062
3997
4058
4005
4042
4099
3994
4003
4070
4012
4146
4013
4144
4131
4065
4116
4088
4103
4188
3998
4066
4130
4065
4051
4113
4140
4040
4000
4079
4103
4068
4080
4095
4092
4138
4149
4103
4183
4037
4118
4149
4176
4102
4145
4151
4108
4096
4085
4090
4089
4197
4094
4089
4126
4162
4064
4144
4094
4109
4187
4108
4142
4286
4222
4188
4104
4128
4141
4115
4108
4215
4200
4157
4118
4159
4124
4164
4126
4153
4199
4149
4182
4175
4200
4182
4232
4261
4109
4244
4254
4214
4271
4172
4154
4187
4229
4135
4136
4228
4263
4151
4248
4257
4167
4215
4268
4258
4188
4273
4206
4209
4173
4167
4227
4189
4223
4179
4325
4278
4234
4229
4271
4200
4259
4257
4201
4219
4236
4227
4142
4251
4247
4276
4249
4314
4291
4274
4204
4293
4254
4264
4225
4229
4119
4264
4246
4378
4270
4194
4298
4250
4237
4200
4284
4224
4395
4254
4335
4285
4191
4128
4223
4355
4333
4224
4235
4336
4223
4187
4189
4227
4276
1872
4317
4251
4298
4320
4290
4240
4278
4302
4297
4284
4295
4260
4295
4357
4302
4188
4317
4299
4315
4278
4338
4443
4328
4267
4242
4258
4334
4386
4310
4286
4332
4263
4382
4367
4315
4322
4344
4370
4408
4354
4386
4303
4315
4301
4289
4370
4395
4352
4328
4284
4306
4425
4332
4357
4274
4398
4341
4444
4265
4396
4383
4348
4326
4374
4473
4401
4330
4372
4366
4407
4355
4440
4448
4456
4379
4248
4381
4294
4450
4342
4352
4439
4417
4335
4385
4437
4369
4327
4372
4297
4374
4348
4392
4384
4374
4426
4336
4344
4379
4479
4427
4387
4470
4393
4382
4414
4374
4440
4457
4438
4449
4410
4344
4328
4429
4328
4348
4444
4444
4417
4397
4398
4507
4431
4441
4500
4443
4422
4410
4367
4447
4394
4489
4454
4414
4423
4453
4493
4413
4450
4493
4399
4547
4387
4444
4387
4525
4318
4443
4443
4526
4419
4471
4505
4355
4408
4546
4521
4495
4450
4530
4511
4534
4590
4524
4503
4415
4482
4479
4517
4403
4437
4511
4495
4445
4497
4406
4593
4526
4476
4394
4485
4576
4566
4481
4423
4495
4519
4484
4469
4654
4588
4522
4557
4474
4502
4468
4472
4493
4561
4498
4484
4629
4532
4511
4527
4514
4613
4504
4431
4418
4635
4486
4522
4623
4489
4496
4467
4537
4550
4525
4562
4507
4508
4609
