7173
6831
6838
6940
6852
6855
6790
6757
6751
6719
6839
6735
6786
6729
6832
6832
6759
6681
6764
6678
6677
6686
6778
6755
6773
6787
6707
6744
6723
6790
6602
6773
6717
6737
6709
6679
6747
6706
6742
6762
6819
6764
6906
6706
6797
6744
6688
6826
6788
6819
6789
6860
6720
6698
6751
6838
6903
6809
6842
6721
6749
6811
6778
6864
6822
6874
6806
6747
6792
6870
6780
6916
6810
6804
6858
6715
6856
6819
6837
6823
6804
6902
6885
6904
6840
6883
6762
6776
6887
6857
6847
6785
6873
6908
6842
6918
6849
6839
6862
6855
6887
6957
6819
6820
6871
6846
6829
6973
6808
6758
6895
6894
7007
6878
6998
6943
6964
6973
6855
6930
6924
6726
6897
7014
6933
6946
7049
7014
6871
6900
6863
6900
6834
6965
6835
6884
6940
6930
6948
6978
6890
6938
7078
7068
6914
7055
6908
6952
6927
6988
6893
6932
7026
6922
6913
6944
7014
6892
6922
6910
6941
6963
6937
6927
6946
6990
7041
6970
6975
7006
6915
6912
6977
6941
7059
6912
7008
6898
7011
6866
6942
7008
7030
6973
7073
6892
7014
6962
7069
6889
7113
7065
7051
7067
6920
7000
6977
7006
6988
7015
6987
7072
6965
7107
6925
6909
6830
6979
7150
6867
7079
7042
6964
7010
6962
6978
7007
6982
7075
7115
7043
6931
7086
7118
6993
7132
7037
6989
7017
7066
7071
6984
7002
7123
7122
6987
7200
7091
7068
6977
7096
7045
7062
7034
7024
7022
7036
7059
7175
7107
7059
7047
7113
7034
7044
7061
7022
7097
7008
7118
7100
7144
6962
7006
7128
7150
7003
7016
7090
7068
6933
7062
7021
7109
4691
7077
7093
7112
7107
7129
7095
7110
7098
7089
7122
7157
7094
7047
7179
7182
7056
7194
7016
7086
7120
7188
7213
7188
7042
7139
7093
7160
7183
7092
7066
7212
7098
7267
7030
7106
7202
7189
7178
7244
7191
7175
7149
7111
7064
7122
7137
7145
7137
7101
7104
7103
7202
7160
7149
7048
7151
7165
7213
7149
7177
7289
7174
7130
7160
7262
7189
7183
7167
7109
7209
7185
7234
7243
7247
7134
7094
7089
7157
7209
7216
7199
7325
7251
7055
7242
7197
7225
7187
7180
7125
7079
7179
7239
7171
7213
7293
7183
7091
7190
7178
7178
7152
7228
7207
7347
7275
7153
7305
7259
7262
7189
7298
7211
7181
7162
7173
7200
7268
7214
7255
7263
7261
7304
7293
7305
7325
7262
7209
7234
7216
7204
7168
7321
7275
7236
7260
7272
7361
7201
7258
7298
7178
7354
7252
7223
7307
7416
7251
7286
7378
7336
7281
7197
7262
7236
7254
7375
7382
7333
7245
7270
7289
7350
7413
7388
7310
7262
7301
7325
7358
7377
7279
7442
7316
7299
7338
7255
7462
7391
7323
7299
7474
7486
7450
7318
7255
7320
7290
7346
7342
7486
7433
7308
7338
7279
7356
7379
7271
7269
7477
7358
7343
7449
7390
7299
7281
7292
7496
7365
7326
7213
7392
7363
7267
7524
7421
7439
7282
7433
7334
7445
7475
7397
7423
7438
