3551
3452
3453
3555
3453
3519
3455
3466
3487
3484
3532
3453
3533
3420
3564
3569
3468
3493
3546
3459
3531
3527
3556
3592
3597
3569
3590
3671
3592
3653
3552
3606
3539
3613
3622
3582
3637
3655
3653
3683
3612
3662
3696
3646
3726
3704
3618
3771
3737
3704
3728
3718
3718
3654
3678
3705
3781
3754
3784
3633
3745
3757
3705
3803
3754
3779
3775
3683
3777
3819
3773
3810
3760
3732
3790
3706
3820
3818
3799
3829
3758
3783
3901
3857
3769
3801
3766
3742
3874
3835
3838
3782
3870
3865
3800
3872
3857
3810
3858
3812
3846
3898
3878
3841
3935
3783
3838
3907
3825
3778
3950
3896
3966
3896
3977
3938
3912
3924
3892
3958
3911
3816
3890
3968
3889
3918
3967
3968
3908
3889
3945
3939
3867
3944
3865
3938
3943
3966
3954
3960
3872
3914
4007
4096
3998
4029
3940
3961
3908
3930
3915
3897
4034
3986
3955
3973
4018
3943
3967
3891
3989
4026
4020
3963
3967
4071
4055
3971
3947
4023
3987
3946
4045
4030
3991
3921
4019
3961
4013
3938
4063
3998
3992
4028
4100
4031
3996
4020
4069
3939
4127
4077
4069
4085
3985
3978
4037
4041
4024
4020
4084
4106
4020
4085
4032
4000
3997
4040
4105
3981
4115
4066
4027
4084
4051
4068
4045
4029
4102
4137
4090
4043
4149
4133
4030
4158
4059
4009
4056
4024
4090
4009
4048
4151
4147
4064
4121
4114
4140
4062
4194
4064
4080
4105
4071
4028
4073
4094
4166
4120
4113
4083
4131
4144
4134
4204
4072
4183
4091
4182
4151
4191
3987
4148
4168
4165
4022
4112
4192
4082
4012
4127
4064
4060
1767
4141
4091
4170
4163
4116
4147
4136
4155
4142
4171
4177
4127
4094
4209
4243
4067
4221
4156
4142
4168
4188
4289
4187
4114
4132
4120
4231
4227
4145
4118
4149
4138
4294
4159
4180
4178
4184
4224
4212
4158
4219
4193
4210
4213
4143
4162
4193
4175
4156
4207
4163
4220
4129
4152
4145
4168
4181
4223
4062
4262
4309
4197
4142
4214
4257
4245
4246
4236
4190
4247
4228
4224
4226
4312
4208
4143
4204
4131
4306
4189
4216
4335
4253
4136
4236
4224
4221
4197
4185
4230
4212
4222
4240
4241
4292
4308
4221
4146
4207
4285
4243
4243
4285
4252
4303
4288
4168
4320
4337
4321
4259
4257
4225
4242
4227
4225
4193
4292
4256
4262
4258
4262
4346
4364
4319
4334
4318
4249
4239
4278
4280
4247
4315
4345
4292
4261
4255
4373
4239
4313
4300
4214
4361
4249
4287
4282
4377
4238
4256
4360
4378
4355
4257
4331
4245
4269
4396
4360
4285
4269
4322
4338
4321
4372
4393
4307
4301
4316
4273
4369
4290
4327
4395
4298
4281
4318
4294
4398
4433
4298
4279
4391
4468
4366
4327
4246
4308
4296
4314
4310
4501
4427
4330
4359
4323
4370
4398
4251
4286
4464
4389
4345
4438
4329
4358
4308
4345
4445
4340
4339
4273
4391
4356
4298
4467
4320
4335
4305
4403
4373
4413
4410
4376
4427
4442
