7627
6691
6449
6567
6471
6528
6483
6457
6444
6469
6555
6460
6484
6430
6574
6526
6460
6300
6373
6386
6411
6443
6434
6460
6365
6479
6417
6519
6376
6414
6365
6434
6466
6428
6459
6437
6470
6498
6409
6442
6548
6442
6522
6479
6497
6509
6420
6463
6473
6561
6553
6505
6473
6418
6428
6504
6551
6508
6545
6484
6474
6506
6534
6575
6501
6584
6507
6405
6602
6555
6504
6580
6493
6457
6562
6428
6523
6603
6491
6491
6515
6567
6611
6628
6527
6499
6498
6480
6663
6538
6543
6486
6564
6533
6553
6612
6593
6556
6617
6436
6585
6627
6571
6495
6568
6573
6479
6626
6537
6477
6639
6644
6602
6549
6670
6599
6620
6651
6638
6644
6624
6549
6604
6686
6650
6633
6688
6726
6514
6577
6633
6600
6526
6596
6568
6594
6589
6662
6640
6654
6632
6510
6714
6762
6655
6653
6632
6640
6640
6681
6587
6684
6658
6658
6636
6638
6753
6573
6661
6612
6583
6660
6674
6658
6650
6687
6721
6599
6660
6686
6629
6662
6641
6689
6691
6630
6687
6573
6689
6627
6619
6786
6680
6640
6738
6646
6680
6680
6756
6642
6744
6829
6679
6748
6671
6658
6722
6730
6700
6677
6716
6750
6625
6718
6672
6666
6624
6751
6863
6546
6763
6742
6669
6741
6661
6658
6716
6712
6733
6789
6759
6666
6768
6794
6691
6796
6825
6671
6672
6794
6760
6655
6753
6850
6802
6678
6783
6775
6705
6706
6833
6741
6738
6806
6808
6691
6742
6766
6823
6789
6746
6820
6780
6748
6771
6735
6708
6841
6763
6792
6695
6836
6722
6722
6800
6827
6659
6713
6881
6832
6737
6723
6753
6780
4659
6821
6811
6826
6762
6876
6830
6780
6820
6887
6752
6899
6860
6808
6851
6831
6791
6834
6815
6823
6825
6797
6905
6864
6747
6836
6790
6844
6941
6825
6788
6935
6896
6932
6778
6799
6942
6844
6917
6866
6909
6955
6800
6902
6710
6811
6851
6932
6824
6838
6751
6811
6934
6812
6833
6723
6885
6956
6872
6849
6887
6994
6906
6814
6918
6876
6834
6872
6852
6837
6904
6906
6915
6996
6989
6905
6768
6813
6781
6908
6886
6943
7029
6986
6856
6933
7004
6991
6843
6948
6779
6859
6885
6989
6895
6889
7034
6872
6843
6910
6957
6950
6876
6966
6968
6945
6934
6919
7008
6979
6974
6893
7035
6958
6879
6862
6924
6918
6983
6942
6993
6971
6948
6968
7032
6959
6998
6967
6952
6922
6905
6942
7002
6946
7034
7018
6948
6996
6997
6903
6982
7016
6953
7069
6932
7058
6979
7121
6963
6997
7053
7046
6902
6937
7022
6975
7036
7063
7122
7083
6993
7041
7117
7040
7154
7043
7026
6904
6992
6949
7028
7073
6999
7063
7076
6933
7107
7052
7193
7056
6973
7051
7074
7211
7093
7047
7016
7005
6996
7030
7119
7176
7113
7048
7026
6996
7014
7100
6983
7030
7100
6989
6999
7162
7108
7099
7058
7063
7183
7111
7093
7019
7115
7070
7024
7163
7108
7136
7012
7095
7015
7150
7191
7162
7154
7146
