3565
3125
3034
3152
3034
3182
3147
3185
3116
3120
3200
3125
3180
3127
3245
3234
3142
3135
3197
3118
3163
3197
3182
3289
3201
3240
3228
3262
3228
3220
3202
3232
3195
3228
3295
3259
3237
3279
3251
3306
3271
3312
3303
3296
3348
3324
3256
3317
3357
3318
3399
3352
3301
3302
3321
3366
3408
3381
3450
3329
3391
3381
3304
3419
3390
3400
3354
3341
3382
3452
3402
3435
3388
3315
3404
3371
3443
3441
3428
3452
3395
3469
3526
3531
3430
3435
3422
3375
3551
3441
3458
3464
3490
3493
3469
3550
3485
3520
3534
3435
3559
3558
3552
3482
3535
3485
3419
3552
3468
3430
3566
3547
3577
3526
3586
3638
3550
3576
3557
3604
3599
3496
3578
3643
3553
3589
3575
3616
3508
3489
3580
3566
3506
3558
3542
3564
3585
3582
3565
3594
3551
3531
3637
3719
3601
3616
3605
3632
3529
3598
3569
3614
3634
3582
3577
3608
3681
3534
3622
3579
3594
3623
3626
3604
3659
3727
3637
3570
3647
3620
3638
3576
3656
3641
3640
3570
3678
3592
3661
3609
3615
3658
3625
3599
3677
3650
3624
3657
3686
3624
3679
3691
3638
3744
3629
3606
3686
3700
3654
3631
3735
3706
3592
3674
3693
3660
3663
3633
3694
3587
3695
3707
3665
3731
3595
3639
3643
3713
3711
3752
3710
3625
3792
3730
3664
3725
3753
3691
3668
3681
3713
3697
3689
3748
3729
3690
3799
3716
3698
3646
3812
3735
3731
3710
3716
3682
3692
3668
3782
3757
3705
3746
3721
3814
3736
3718
3715
3812
3716
3780
3711
3765
3672
3687
3805
3752
3621
3626
3798
3727
3663
3705
3697
3727
1647
3776
3692
3825
3762
3748
3725
3797
3798
3744
3729
3817
3742
3838
3835
3831
3702
3829
3804
3758
3782
3812
3872
3821
3703
3766
3706
3801
3810
3770
3728
3814
3800
3874
3774
3786
3808
3816
3817
3857
3823
3867
3795
3819
3760
3764
3834
3810
3788
3766
3752
3798
3883
3790
3784
3745
3861
3813
3821
3708
3862
3892
3784
3795
3819
3896
3853
3848
3866
3782
3806
3826
3860
3906
3935
3903
3742
3786
3726
3891
3820
3862
3926
3857
3791
3892
3897
3838
3792
3829
3714
3776
3806
3877
3876
3855
3903
3808
3753
3879
3897
3853
3867
3855
3875
3868
3908
3836
3926
3915
3858
3847
3859
3843
3801
3897
3797
3828
3912
3824
3908
3881
3918
3904
3893
3918
3950
3898
3918
3880
3935
3884
3879
3871
3945
3963
3840
3922
3909
3890
3926
3923
3852
3972
3870
3921
3913
4018
3873
3910
3939
4009
3886
3893
3886
3890
3904
3981
3971
3950
3877
4025
3963
3911
3999
3927
3868
3859
3871
3900
3961
3905
3982
3958
3956
3856
3979
3942
4060
4004
3947
3870
3987
4063
3995
3947
3964
3894
3956
3953
3915
4025
3967
3951
3952
3951
4007
3996
3925
3927
4042
3936
3904
4070
3982
3966
3923
3944
4056
3977
3914
3903
4022
3985
3954
4048
3984
3970
3963
3996
3926
4012
4015
3992
4008
4019
