7265
6849
6852
6941
6837
6902
6862
6857
6765
6780
6933
6761
6796
6767
6896
6818
6826
6735
6780
6752
6734
6852
6793
6848
6833
6816
6751
6837
6757
6828
6732
6905
6768
6810
6775
6790
6806
6840
6762
6805
6908
6869
6966
6778
6836
6887
6777
6920
6823
6886
6846
6832
6748
6758
6830
6863
6851
6864
6842
6862
6880
6917
6839
6864
6910
6897
6919
6780
6927
6966
6848
7001
6854
6881
6899
6754
6930
6895
6874
6926
6896
6955
6900
6986
6879
6917
6890
6806
6985
6827
6975
6812
6973
6968
6911
6964
6902
6899
6936
6873
6968
6986
6931
6891
6913
6966
6849
6982
6864
6839
6908
7007
7061
6914
7037
6992
6990
7077
7003
7004
7024
6813
6945
7064
6998
6954
7039
7050
6936
6960
6946
6977
6924
6964
6944
6996
6974
6996
6950
7046
6970
6977
7146
7112
7040
7079
7024
6975
6976
7061
6929
7013
7088
6906
7009
6950
7046
6999
6985
6957
6968
7025
7055
7052
7067
7009
7033
6993
6995
7086
6964
7022
7032
6989
7074
6993
7069
7013
7061
7048
6954
7073
7025
6996
7136
7001
7084
7058
7111
6959
7105
7123
7098
7091
7032
7092
7088
7035
7035
7027
7076
7154
7010
7146
7088
7000
6980
7063
7207
6921
7142
7071
7062
7138
7006
7075
7087
6987
7115
7149
7138
7024
7105
7177
7091
7182
7110
7061
7083
7180
7197
7010
7095
7197
7154
7053
7202
7141
7128
7057
7249
7119
7065
7165
7195
7062
7098
7095
7201
7216
7098
7162
7158
7041
7115
7124
7081
7162
7103
7231
7147
7192
7013
7111
7195
7188
7025
7099
7167
7179
7082
7166
7028
7145
4789
7142
7182
7227
7119
7212
7162
7132
7186
7152
7167
7190
7190
7128
7246
7314
7078
7238
7172
7175
7218
7240
7282
7209
7117
7214
7251
7154
7264
7191
7144
7221
7230
7310
7171
7175
7265
7214
7254
7283
7226
7247
7211
7169
7135
7204
7241
7278
7211
7118
7235
7166
7222
7232
7197
7144
7196
7209
7252
7203
7239
7299
7300
7191
7273
7266
7290
7228
7222
7224
7256
7287
7238
7361
7251
7272
7195
7184
7165
7286
7274
7290
7315
7312
7150
7255
7240
7338
7275
7204
7174
7104
7249
7333
7295
7257
7325
7235
7159
7193
7264
7301
7194
7295
7373
7249
7358
7219
7353
7357
7327
7305
7329
7284
7205
7232
7233
7314
7288
7303
7299
7414
7332
7423
7366
7354
7416
7442
7333
7332
7367
7323
7247
7352
7342
7357
7369
7354
7428
7304
7271
7434
7245
7419
7302
7353
7384
7495
7377
7351
7443
7393
7331
7292
7365
7347
7385
7449
7422
7420
7356
7434
7341
7414
7544
7475
7374
7262
7381
7304
7323
7397
7364
7442
7407
7343
7465
7345
7460
7465
7364
7408
7495
7502
7534
7424
7305
7323
7331
7461
7464
7557
7469
7371
7506
7250
7428
7473
7323
7356
7507
7412
7405
7540
7438
7380
7418
7460
7564
7473
7445
7323
7424
7408
7424
7577
7490
7464
7363
7478
7401
7528
7542
7474
7477
7509
