3595
3453
3483
3483
3455
3528
3502
3493
3500
3466
3550
3489
3550
3489
3590
3550
3530
3502
3578
3504
3569
3576
3603
3635
3618
3571
3623
3672
3615
3684
3571
3696
3561
3627
3645
3652
3602
3640
3664
3680
3647
3688
3737
3658
3732
3727
3598
3801
3750
3686
3762
3730
3622
3666
3675
3788
3768
3797
3788
3709
3813
3771
3781
3857
3769
3835
3806
3726
3810
3845
3839
3861
3761
3744
3827
3757
3885
3841
3836
3849
3825
3878
3917
3869
3897
3866
3852
3738
3926
3822
3861
3835
3860
3880
3841
3867
3886
3854
3871
3800
3919
3891
3936
3895
3898
3851
3849
3955
3873
3877
3914
3941
3993
3943
4045
3970
3919
4004
3898
4019
3994
3859
3922
4037
3933
3967
3965
3971
3913
3912
3982
3944
3977
3926
3924
3982
4000
4034
3923
4010
3962
3932
4074
4085
3998
4051
4020
3935
3946
4009
3890
4035
4119
3962
3966
3953
4035
3982
4033
3999
4008
3957
4043
4002
4052
4089
4058
4005
4046
4045
3991
3950
4044
3978
4053
4005
4064
4015
4027
4032
4054
4041
4058
4045
4082
4033
4079
4086
4063
3993
4105
4074
4101
4123
4054
4074
4095
4029
4020
4068
4137
4088
4036
4155
4108
4046
4043
4090
4158
3992
4098
4132
4081
4123
4042
4054
4155
4061
4097
4150
4126
4116
4162
4184
4110
4212
4141
4091
4093
4144
4129
4024
4094
4150
4177
4121
4173
4155
4187
4064
4254
4153
4145
4181
4143
4122
4162
4102
4232
4187
4118
4118
4182
4086
4162
4222
4114
4231
4128
4205
4167
4161
4049
4135
4194
4215
4042
4152
4171
4119
4114
4124
4108
4136
1776
4162
4096
4236
4208
4172
4193
4155
4198
4195
4183
4232
4200
4137
4228
4334
4111
4222
4213
4180
4211
4254
4313
4182
4144
4169
4248
4247
4303
4174
4210
4252
4194
4354
4195
4233
4237
4238
4277
4232
4235
4283
4193
4151
4206
4227
4248
4264
4214
4180
4227
4205
4203
4221
4188
4224
4251
4256
4233
4167
4230
4305
4240
4248
4265
4247
4280
4230
4263
4217
4222
4212
4228
4343
4381
4236
4137
4244
4189
4300
4258
4259
4307
4287
4211
4294
4306
4273
4275
4256
4173
4178
4257
4292
4309
4243
4312
4248
4175
4229
4290
4321
4221
4284
4347
4313
4331
4281
4367
4358
4308
4324
4274
4263
4234
4284
4210
4267
4346
4255
4319
4272
4339
4399
4368
4356
4334
4405
4348
4290
4292
4337
4235
4361
4358
4326
4281
4305
4449
4298
4326
4339
4272
4392
4254
4354
4339
4431
4319
4318
4386
4396
4353
4282
4315
4291
4358
4437
4381
4348
4332
4377
4361
4395
4464
4416
4307
4263
4322
4374
4376
4333
4313
4398
4365
4264
4317
4378
4406
4394
4395
4333
4444
4492
4440
4368
4334
4320
4330
4344
4368
4537
4454
4399
4407
4261
4425
4399
4385
4268
4471
4410
4384
4496
4397
4400
4340
4413
4478
4401
4378
4343
4435
4361
4343
4543
4417
4400
4365
4446
4352
4486
4463
4449
4409
4479
