9493
9545
9523
9569
9519
9512
9536
9591
9476
9593
9528
9509
9508
9363
9453
9476
9473
9407
9491
9465
9460
9566
9458
9420
9433
9426
9491
9489
9463
9468
9513
9506
9491
9540
9558
9388
9407
9446
9383
9447
9436
9566
9453
9565
9456
9568
9472
9412
9419
9367
9440
9440
9495
9558
9472
9475
9565
9464
9493
9440
9550
9474
9587
9471
9501
9561
9519
9470
9479
9471
9596
9463
9443
9465
9518
9423
9464
9564
9489
9458
9632
9524
9559
9486
9475
9510
9677
9476
9225
9619
9573
9543
9520
9487
9542
9489
9546
9500
9598
9538
9592
9570
9679
9537
9606
9484
9542
9611
9576
9563
9591
9449
9543
9674
9592
9552
9657
9594
9573
9660
9492
9615
9573
9625
9550
9552
9630
9555
9592
9624
9604
9726
9596
9629
9604
9645
9596
9617
9545
9732
9765
9582
9751
9675
9516
9676
9698
9631
9727
9777
9571
9594
9625
9611
9757
9711
9634
9650
9676
9639
9576
9749
9622
9550
9712
9683
9664
9664
9678
9639
9587
9722
9693
9668
9673
9774
9773
9733
9679
9730
9649
9650
9683
9696
9691
9678
9687
9712
9703
9643
9766
9710
9655
9689
9668
9712
9752
9785
9720
9730
9749
9751
9740
9708
9795
9710
9689
9686
9742
9684
9789
9799
9707
9752
9760
9695
9771
9645
9793
9813
9720
9828
9783
9674
9792
9855
9794
9832
9795
9744
9870
9734
9664
9838
9754
9766
9741
9759
9878
9960
9864
9700
9728
9800
9845
9790
9869
9776
9790
9882
9814
9913
9787
9834
9804
9757
9651
9825
9804
9812
9787
9840
9860
9775
9840
9838
9778
9937
9682
9894
9771
9817
9866
9862
9934
9879
9827
9849
9806
9879
9849
9895
9873
9900
9871
9886
9930
9885
9894
9870
9898
9903
9852
9795
9846
9914
9883
9888
9911
9933
9821
9987
9933
9958
9950
9869
9940
9943
9994
9954
9916
9866
9751
9873
9977
9971
9881
9863
9934
9948
9966
9893
9911
10005
9939
9973
9932
9939
9974
9999
9960
9899
10016
9909
9878
9862
9946
9940
10030
9949
9879
9960
10018
9878
10038
9999
9940
9987
10002
10142
10032
9991
9885
10022
10023
9956
9978
9987
10027
9955
10059
10030
10196
9977
9962
10004
10038
10089
10005
10056
9955
10016
10095
10099
10009
10107
9949
10174
10098
10083
10145
10146
10039
10098
10111
10039
10074
10094
9973
10121
10189
9994
10125
10112
10058
10067
10153
10110
10050
10177
10009
10022
10118
10029
10191
10031
10097
10137
10049
10069
10209
10123
10198
10109
10192
10219
10179
10128
10172
10238
10220
10238
10032
10276
10170
10123
10063
10194
10114
10184
10197
10202
10123
10164
10138
10208
10170
10099
10215
10122
10212
10173
10194
10145
10047
10147
10202
10121
10208
10172
10255
10252
10100
10248
10184
10214
10273
10360
10261
10265
10224
10312
10197
10262
10222
10261
10202
10333
10253
10233
10172
10226
10361
10217
10321
10400
10230
10297
10269
10416
10325
10375
10242
10283
10303
10269
10342
10410
10241
10401
10382
10420
10386
10240
10334
10205
10326
10335
10386
