3831
3904
3829
3856
3876
3827
3874
3923
3947
3952
3866
3904
3954
3862
3933
3948
3962
3968
3972
4029
4030
3989
4012
3963
3967
3934
4022
4034
3963
3998
4114
4042
4087
4081
4126
4065
4038
4033
3943
4023
4023
4078
4115
4140
4107
4094
4113
4096
4096
4069
4135
4132
4065
4145
4159
4121
4102
4171
4153
4072
4225
4130
4237
4131
4116
4198
4237
4143
4148
4161
4218
4150
4141
4122
4201
4109
4192
4235
4128
4171
4266
4172
4191
4144
4171
4239
4301
4131
4140
4297
4283
4283
4211
4173
4209
4248
4192
4216
4320
4299
4271
4283
4296
4273
4304
4180
4265
4269
4285
4310
4339
4260
4277
4342
4297
4247
4381
4295
4245
4318
4233
4331
4263
4324
4328
4282
4327
4240
4370
4303
4289
4416
4270
4325
4341
4357
4327
4313
4280
4446
4472
4367
4355
4435
4265
4364
4407
4377
4398
4489
4281
4305
4311
4436
4446
4337
4366
4359
4338
4322
4287
4426
4344
4319
4422
4376
4403
4393
4360
4395
4405
4454
4350
4428
4368
4497
4450
4469
4392
4410
4428
4355
4418
4456
4362
4432
4390
4372
4417
4356
4457
4442
4367
4369
4426
4379
4466
4404
4454
4404
4467
4458
4445
4471
4444
4436
4342
4443
4448
4407
4475
4465
4496
4517
4487
4408
4478
4376
4499
4514
4428
4517
4479
4395
4514
4519
4436
4484
4534
4474
4609
4483
4588
4569
4483
4507
4471
4483
4514
4604
4481
4436
4459
4544
4531
4490
4530
4466
4492
4524
4513
4599
4573
4485
4553
4492
4449
4510
4510
4523
4492
4551
4528
4470
4568
4569
4516
4585
4484
4669
4493
4537
4518
4522
4540
4518
4478
4522
4530
4595
4516
4596
4544
4612
4566
4541
4657
4598
4569
4534
4641
4548
4566
4543
4541
4588
4603
4533
4622
4580
4549
4700
4577
4601
4605
4560
4582
4648
4652
4636
4672
4532
4476
4572
4669
4650
4534
4590
4685
4639
4687
4611
4631
4682
4655
4642
4590
4640
4682
4662
4611
4600
4672
4599
4591
4541
4697
4623
4650
4674
4608
4664
4719
4644
4734
4699
4631
4609
4701
4824
4668
4687
4520
4690
4651
4651
4695
4701
4645
4648
4656
4685
4834
4680
4630
4676
4675
4692
4652
4694
4677
4640
4743
4738
4678
4780
4700
4819
4760
4690
4794
4802
4718
4697
4761
4730
4690
4782
4674
4818
4888
4629
4758
4808
4706
4770
4783
4738
4655
4768
4664
4701
4766
4724
4771
4690
4685
4861
4768
4737
4852
4753
4848
4800
4859
4849
4794
4781
4802
4822
4881
4732
4693
4837
4838
4746
4760
4847
4695
4789
4788
4829
4700
4794
4788
4838
4838
4714
4817
4727
4856
4885
4869
4794
4764
4850
4861
4742
4860
4868
4865
4829
4768
4900
4814
4877
4773
4907
4837
4871
4829
4865
4862
4915
4823
4920
4777
4921
4922
4926
4821
4766
4998
4823
4969
4902
4864
4827
4884
4943
4906
4909
4815
4891
4873
4909
4899
4928
4870
4969
4935
5040
4957
4842
4884
4821
4938
4893
5019
