9606
9706
9710
9639
9654
9688
9643
9711
9605
9702
9629
9664
9638
9527
9615
9601
9614
9482
9630
9617
9553
9668
9601
9556
9596
9641
9614
9565
9588
9598
9545
9606
9594
9589
9582
9578
9511
9578
9430
9604
9627
9653
9518
9633
9635
9588
9548
9598
9564
9441
9607
9599
9601
9627
9603
9606
9684
9583
9565
9561
9676
9571
9703
9494
9599
9662
9586
9598
9637
9685
9663
9647
9588
9632
9596
9521
9597
9688
9626
9623
9724
9668
9652
9604
9616
9668
9794
9562
9390
9711
9687
9704
9658
9517
9633
9603
9629
9645
9682
9714
9743
9666
9791
9602
9655
9669
9743
9689
9742
9716
9720
9623
9721
9792
9716
9738
9839
9690
9628
9762
9573
9664
9718
9730
9702
9715
9696
9668
9710
9825
9783
9881
9707
9745
9757
9791
9753
9728
9711
9881
9867
9731
9758
9836
9602
9739
9895
9764
9780
9835
9675
9733
9757
9728
9917
9807
9773
9753
9766
9766
9714
9829
9770
9723
9850
9818
9722
9635
9815
9858
9732
9837
9845
9835
9846
9893
9878
9919
9844
9871
9782
9817
9839
9836
9806
9819
9861
9849
9853
9828
9849
9861
9728
9773
9801
9788
9927
9935
9860
9800
9880
9884
9811
9805
9875
9869
9773
9837
9922
9784
9879
9899
9857
9860
9842
9861
9931
9800
9930
9931
9867
9971
9936
9845
9980
9961
9881
9997
9896
9941
10011
9857
9769
10006
9924
9926
9895
9916
10053
10029
9943
9843
9925
9946
9889
9940
9922
9938
9922
9947
9945
10020
9951
9893
9925
9878
9911
9870
9898
9930
9927
9964
10003
9924
9857
9957
9872
10028
9855
10096
9942
9900
9921
9996
10010
10055
9942
10006
9924
9908
9950
10044
9975
10104
9975
10031
10031
10061
10002
9982
10016
9959
9961
9930
9974
10025
10036
9945
10044
10080
9979
10100
10028
10077
10063
10008
10043
10103
10038
10054
9984
10060
9862
10009
10072
10032
9951
10011
10076
10043
10092
10029
10042
10095
10063
10149
10004
10025
10089
10113
10155
10001
10116
10047
10028
9969
10070
10084
10134
10016
9947
10136
10131
10048
10154
10088
10034
10119
10145
10285
10090
10141
9985
10123
10141
10136
10071
10155
10134
10104
10183
10174
10273
10155
10152
10112
10217
10169
10111
10213
10136
10214
10202
10140
10140
10285
10088
10224
10182
10127
10270
10258
10203
10211
10213
10196
10223
10254
10146
10178
10303
10120
10204
10278
10169
10167
10198
10178
10148
10297
10172
10132
10233
10168
10294
10188
10214
10160
10113
10143
10339
10305
10290
10243
10373
10304
10213
10298
10299
10370
10319
10362
10252
10317
10318
10329
10199
10353
10303
10327
10306
10330
10216
10268
10263
10325
10240
10182
10348
10214
10326
10327
10328
10292
10258
10302
10336
10196
10316
10329
10401
10319
10253
10342
10236
10324
10341
10436
10364
10401
10270
10422
10370
10348
10336
10371
10329
10452
10408
10361
10289
10314
10386
10393
10437
10554
10330
10419
10412
10447
10440
10582
10341
10350
10376
10467
10477
10451
10326
10492
10491
10488
10493
10326
10434
10315
10433
10438
10489
