3809
3846
3789
3828
3807
3881
3867
3911
3879
3920
3889
3887
3942
3827
3930
3952
3975
3904
3953
3994
3989
4023
3962
3953
4012
3969
3968
4035
3957
3982
4043
4009
4054
3987
4020
4015
3987
4027
3998
4057
4034
4103
4058
4049
4081
3995
4034
4004
4063
4021
4139
4095
4119
4104
4125
4083
4186
4112
4128
4031
4235
4090
4196
4112
4111
4171
4181
4129
4069
4225
4180
4073
4113
4118
4143
4109
4191
4218
4123
4152
4248
4207
4175
4171
4208
4217
4315
4130
4153
4208
4220
4259
4194
4149
4218
4128
4172
4157
4286
4245
4298
4221
4313
4222
4181
4250
4276
4238
4229
4292
4247
4218
4269
4302
4269
4284
4356
4229
4274
4295
4221
4264
4272
4312
4245
4267
4263
4250
4307
4301
4312
4381
4266
4330
4365
4290
4296
4318
4304
4384
4402
4305
4333
4377
4241
4299
4424
4359
4376
4435
4216
4311
4291
4331
4440
4348
4329
4381
4335
4296
4311
4367
4324
4292
4373
4360
4362
4298
4414
4375
4306
4360
4297
4322
4330
4399
4422
4447
4326
4413
4437
4376
4420
4441
4415
4374
4449
4399
4406
4408
4426
4378
4332
4382
4379
4392
4500
4473
4444
4392
4446
4430
4431
4382
4413
4370
4309
4423
4517
4417
4389
4438
4447
4425
4376
4401
4460
4381
4450
4505
4439
4447
4489
4453
4475
4459
4412
4501
4511
4517
4593
4484
4550
4581
4501
4474
4414
4503
4568
4607
4465
4387
4448
4483
4428
4423
4494
4443
4508
4453
4551
4586
4545
4423
4446
4454
4439
4539
4434
4501
4410
4535
4479
4436
4505
4566
4438
4565
4443
4618
4503
4490
4449
4523
4508
4563
4443
4562
4467
4467
4480
4522
4462
4539
4527
4577
4643
4563
4559
4539
4607
4544
4502
4476
4493
4563
4576
4463
4629
4574
4573
4648
4541
4609
4620
4602
4620
4612
4597
4577
4565
4562
4489
4588
4600
4591
4496
4507
4628
4610
4632
4506
4570
4648
4563
4637
4508
4629
4557
4636
4618
4597
4682
4577
4651
4538
4629
4631
4597
4596
4573
4679
4637
4638
4692
4667
4567
4593
4622
4727
4647
4646
4569
4592
4643
4606
4678
4567
4589
4643
4641
4686
4739
4682
4671
4593
4728
4677
4609
4686
4633
4671
4742
4737
4613
4731
4639
4728
4640
4651
4776
4735
4696
4629
4680
4728
4706
4740
4645
4737
4803
4662
4733
4784
4684
4715
4699
4732
4645
4791
4677
4712
4714
4678
4778
4722
4727
4766
4740
4642
4805
4775
4763
4799
4869
4809
4761
4776
4780
4872
4810
4733
4744
4771
4807
4797
4725
4806
4751
4763
4743
4845
4695
4726
4743
4774
4778
4654
4773
4672
4796
4800
4797
4838
4683
4808
4825
4707
4807
4819
4859
4831
4711
4819
4793
4812
4791
4900
4808
4834
4823
4855
4793
4794
4790
4833
4770
4886
4836
4831
4770
4780
4871
4861
4872
4943
4888
4809
4873
4907
4888
4924
4805
4807
4867
4944
4861
4918
4837
4924
4910
4987
4905
4807
4856
4757
4846
4846
4975
