7275
6901
6846
6920
6846
6863
6887
6869
6824
6768
6947
6797
6767
6804
6885
6893
6849
6777
6747
6805
6731
6788
6861
6853
6822
6853
6818
6873
6740
6813
6638
6888
6801
6839
6828
6791
6827
6835
6867
6905
6919
6921
6911
6856
6837
6890
6806
6930
6943
6887
6897
6851
6743
6821
6801
6908
6942
6870
6940
6855
6879
6959
6889
6926
6888
6935
6942
6799
6959
6989
6858
7033
6911
6879
6972
6830
6979
6941
6874
6935
6946
6965
6960
7011
6925
6983
6836
6854
6963
6935
6930
6858
6956
7032
6956
6941
6971
6948
6936
6925
7036
6985
6954
6922
6965
7032
6911
7040
6917
6871
7011
7054
7094
6993
7033
7000
7015
7075
7027
6981
7076
6885
6969
7046
7052
7005
7061
7054
6960
6955
6976
7013
6899
7069
7022
6984
7034
7092
7028
7046
7022
7009
7168
7177
7043
7022
6978
7028
7027
7030
7017
6976
7166
6957
7012
6978
7050
7047
7062
7071
6973
7105
7067
7020
7126
7128
7134
7100
7076
7094
7026
7035
7051
7044
7146
6954
7100
6999
7070
7057
7032
7142
7045
7082
7158
7039
7131
7083
7100
7001
7172
7150
7108
7159
7002
7046
7091
7097
7086
7089
7093
7136
7016
7110
7134
7125
6992
7162
7242
7003
7155
7105
7121
7181
7006
7156
7174
7064
7138
7241
7157
7066
7192
7181
7142
7256
7100
7078
7082
7207
7160
7088
7104
7174
7146
7096
7280
7198
7157
7080
7324
7130
7085
7195
7241
7077
7166
7089
7209
7247
7213
7195
7188
7145
7176
7214
7154
7177
7108
7164
7106
7192
7057
7110
7141
7265
7061
7145
7247
7174
7117
7152
7117
7224
4843
7153
7232
7209
7202
7175
7195
7227
7218
7200
7227
7299
7184
7124
7270
7293
7116
7243
7140
7197
7203
7231
7366
7269
7188
7223
7190
7257
7281
7227
7202
7326
7260
7382
7115
7188
7277
7258
7354
7286
7292
7258
7228
7215
7166
7215
7257
7293
7192
7161
7241
7271
7314
7226
7240
7154
7316
7228
7316
7229
7294
7381
7304
7256
7296
7290
7314
7148
7274
7257
7303
7305
7286
7414
7267
7284
7239
7193
7220
7285
7303
7347
7330
7378
7144
7335
7310
7403
7314
7268
7218
7193
7245
7353
7316
7323
7431
7267
7282
7287
7302
7316
7278
7400
7342
7412
7353
7240
7445
7335
7365
7371
7372
7313
7256
7258
7214
7387
7412
7291
7331
7368
7359
7353
7379
7391
7524
7373
7340
7323
7357
7322
7270
7406
7357
7409
7352
7360
7396
7338
7335
7488
7313
7468
7338
7433
7408
7477
7364
7406
7475
7423
7378
7337
7426
7311
7451
7494
7531
7411
7411
7423
7439
7468
7525
7496
7360
7349
7366
7441
7416
7457
7379
7499
7457
7357
7481
7365
7537
7522
7394
7386
7482
7539
7531
7466
7385
7344
7365
7475
7548
7573
7535
7434
7435
7392
7499
7447
7358
7393
7551
7424
7393
7567
7459
7465
7376
7459
7584
7537
7505
7377
7494
7406
7442
7594
7540
7504
7344
7468
7435
7570
7532
7512
7519
7597
