3592
3487
3493
3541
3460
3506
3492
3553
3503
3471
3617
3558
3573
3535
3597
3586
3563
3531
3544
3508
3517
3572
3593
3667
3603
3630
3643
3670
3618
3664
3576
3668
3595
3636
3647
3700
3635
3656
3632
3689
3642
3766
3749
3688
3760
3722
3637
3771
3748
3668
3755
3755
3680
3738
3738
3799
3811
3806
3829
3698
3779
3842
3752
3856
3827
3844
3854
3753
3762
3876
3814
3855
3820
3747
3836
3786
3848
3844
3842
3847
3855
3882
3953
3901
3874
3857
3813
3800
3907
3838
3866
3824
3886
3942
3831
3832
3919
3889
3905
3884
3949
3932
3958
3904
3943
3880
3895
3909
3872
3861
3959
3944
3968
3917
4008
3997
3944
3962
4012
3949
4032
3928
3938
4070
3934
4000
4013
4026
3927
3902
3979
3986
3926
4004
3947
4028
4023
4043
3960
4010
3932
4001
4046
4132
4019
4066
3968
3987
3993
4036
3983
4001
4120
3997
4024
4002
4020
4025
4017
3981
4028
4043
4032
4049
4050
4118
4139
4031
4033
4081
4066
4023
4133
4043
4050
3983
4038
3984
4030
4034
4018
4101
4071
4041
4113
4065
4058
4149
4122
4050
4113
4130
4123
4137
4024
4002
4096
4114
4045
4071
4092
4145
4042
4097
4139
4081
4044
4094
4172
4036
4165
4124
4050
4160
4048
4104
4170
4139
4074
4218
4115
4112
4171
4171
4135
4196
4131
4087
4110
4188
4153
4101
4119
4174
4191
4101
4225
4148
4215
4119
4263
4158
4156
4171
4151
4121
4159
4166
4223
4188
4131
4195
4124
4167
4162
4213
4205
4200
4150
4226
4174
4166
4070
4170
4245
4288
4083
4166
4215
4153
4106
4143
4203
4171
1843
4163
4152
4227
4214
4133
4170
4232
4207
4171
4220
4265
4182
4150
4270
4301
4143
4259
4211
4214
4217
4276
4310
4266
4203
4228
4232
4247
4324
4222
4188
4215
4226
4382
4179
4234
4250
4259
4313
4246
4198
4240
4202
4178
4236
4162
4202
4261
4255
4175
4262
4229
4262
4240
4175
4218
4283
4249
4397
4208
4280
4374
4298
4185
4274
4288
4279
4250
4297
4250
4307
4283
4287
4336
4382
4291
4225
4243
4205
4251
4190
4298
4336
4289
4203
4292
4322
4318
4273
4254
4264
4210
4230
4344
4290
4245
4366
4271
4203
4290
4293
4312
4271
4367
4285
4373
4351
4263
4373
4364
4362
4361
4326
4255
4220
4299
4276
4305
4376
4266
4307
4351
4360
4363
4376
4333
4399
4417
4319
4307
4329
4332
4291
4407
4369
4377
4322
4312
4380
4318
4327
4405
4305
4437
4285
4361
4318
4466
4296
4356
4469
4472
4366
4354
4365
4260
4384
4437
4435
4379
4358
4379
4396
4441
4431
4419
4309
4351
4328
4388
4439
4395
4359
4476
4358
4327
4375
4334
4450
4479
4371
4326
4439
4477
4432
4402
4330
4349
4425
4401
4374
4483
4430
4326
4403
4399
4436
4418
4324
4342
4523
4471
4343
4493
4413
4460
4333
4422
4501
4406
4379
4330
4458
4417
4392
4536
4462
4452
4363
4422
4368
4454
4446
4451
4429
4491
