7297
7114
7163
7054
7103
7104
7167
7117
7020
7147
7068
7133
7129
7043
7122
7091
7141
7032
7083
7023
7027
7112
7055
7018
7040
7124
7058
7125
7062
7181
7151
7101
7132
7108
7080
6961
7015
7053
6874
7075
7010
7065
6983
7191
7078
7128
7047
7043
7071
6908
7085
7100
7031
7123
7150
7120
7157
7025
7091
7051
7176
7083
7225
7081
7079
7233
7057
7093
7101
7093
7230
7078
7062
7121
7106
7055
7061
7179
7009
7055
7187
7094
7130
7067
7062
7084
7214
7074
6851
7227
7142
7218
7140
7074
7198
7078
7126
7120
7217
7237
7241
7194
7280
7094
7149
7085
7227
7190
7176
7149
7234
7114
7166
7279
7259
7133
7338
7123
7149
7266
7136
7220
7209
7203
7222
7156
7245
7198
7163
7224
7210
7333
7168
7244
7248
7314
7230
7195
7252
7307
7370
7207
7244
7364
7151
7292
7326
7295
7278
7322
7135
7163
7211
7215
7352
7209
7274
7291
7271
7227
7163
7295
7238
7203
7323
7372
7259
7270
7264
7316
7216
7299
7321
7272
7215
7409
7420
7390
7347
7381
7296
7246
7284
7359
7346
7226
7282
7293
7379
7306
7381
7402
7282
7306
7270
7331
7371
7429
7299
7374
7358
7351
7287
7334
7363
7319
7291
7303
7416
7315
7337
7340
7287
7346
7290
7314
7398
7322
7359
7407
7393
7416
7408
7405
7447
7418
7380
7429
7386
7432
7453
7307
7377
7462
7397
7358
7397
7354
7522
7505
7422
7301
7312
7493
7414
7427
7463
7385
7374
7540
7435
7528
7419
7379
7417
7376
7379
7506
7395
7325
7378
7571
7430
7322
7470
7393
7409
7485
7314
7538
7423
7368
7480
7445
7521
7588
7377
7455
7369
7346
7417
7512
7461
7589
7441
7493
7530
7538
7542
7483
7496
7443
7447
7405
7466
7469
7500
7503
7522
7564
7462
7582
7548
7539
7577
7556
7553
7593
7597
7577
7510
7511
7375
7509
7610
7449
7461
7446
7556
7591
7641
7477
7626
7579
7492
7626
7447
7466
7624
7589
7607
7511
7678
7477
7506
7515
7562
7571
7658
7570
7492
7581
7651
7515
7689
7570
7495
7516
7666
7738
7612
7579
7557
7621
7594
7550
7556
7619
7565
7604
7643
7690
7778
7688
7651
7597
7635
7672
7685
7652
7602
7626
7635
7745
7617
7744
7515
7712
7669
7633
7752
7694
7702
7684
7802
7667
7750
7778
7731
7789
7836
7647
7780
7823
7689
7775
7691
7657
7671
7787
7663
7664
7713
7720
7831
7675
7776
7681
7681
7703
7722
7730
7807
7758
7802
7909
7716
7781
7778
7830
7733
7766
7779
7776
7839
7731
7697
7746
7817
7824
7882
7814
7735
7826
7777
7866
7672
7707
7857
7774
7801
7802
7795
7749
7755
7878
7856
7662
7828
7841
7864
7872
7750
7909
7777
7851
7889
7971
7925
7867
7806
7915
7835
7962
7844
7901
7882
7939
7903
7905
7861
7958
7922
7817
7931
7994
7925
7897
7940
8018
8022
8016
7883
7817
7966
7936
8024
8046
7899
8096
8031
8069
8103
7932
8017
7909
7990
8057
7997
