3675
3739
3761
3701
3699
3725
3802
3775
3764
3830
3839
3799
3862
3786
3830
3852
3876
3863
3821
3813
3844
3921
3886
3831
3846
3907
3879
3929
3863
3954
3968
3953
3961
3954
3888
3918
3857
3883
3843
3977
3902
3946
3907
3945
3965
3957
3938
3937
3924
3937
4011
3992
3932
4017
4050
3992
3996
4003
4034
3990
4147
4007
4096
4061
3950
4117
4067
4034
4004
4083
4119
3999
4052
4053
4108
3975
4071
4112
3978
4044
4144
4084
4047
4063
4062
4115
4214
4040
3959
4163
4154
4160
4107
4069
4107
4052
4086
4105
4177
4165
4172
4130
4191
4061
4149
4089
4137
4185
4137
4136
4199
4115
4134
4223
4197
4134
4232
4090
4172
4209
4088
4187
4184
4226
4259
4125
4187
4164
4215
4196
4161
4314
4202
4267
4266
4245
4261
4145
4235
4335
4337
4206
4173
4320
4138
4248
4364
4264
4259
4398
4149
4135
4201
4247
4338
4241
4218
4303
4234
4209
4198
4281
4231
4197
4290
4280
4279
4293
4294
4310
4285
4299
4298
4266
4258
4366
4376
4325
4331
4297
4275
4266
4280
4350
4324
4255
4278
4275
4313
4297
4397
4373
4273
4239
4332
4330
4378
4341
4289
4315
4307
4377
4340
4328
4301
4311
4229
4290
4412
4306
4324
4334
4297
4406
4302
4378
4359
4359
4388
4347
4388
4397
4404
4359
4410
4409
4427
4361
4393
4442
4506
4367
4395
4461
4394
4422
4400
4437
4460
4470
4412
4313
4367
4445
4372
4378
4439
4349
4366
4441
4430
4442
4389
4399
4444
4411
4366
4527
4368
4385
4430
4533
4423
4344
4458
4367
4379
4504
4367
4547
4428
4378
4480
4406
4477
4471
4374
4489
4419
4460
4380
4479
4419
4585
4437
4452
4534
4541
4459
4429
4523
4494
4447
4414
4440
4478
4515
4427
4508
4491
4466
4614
4536
4541
4509
4520
4509
4570
4618
4534
4579
4483
4463
4487
4496
4472
4409
4430
4561
4529
4598
4467
4528
4594
4502
4557
4448
4468
4532
4574
4478
4477
4612
4523
4490
4500
4556
4562
4594
4465
4447
4594
4586
4517
4654
4594
4496
4516
4643
4694
4569
4553
4544
4600
4584
4531
4605
4552
4576
4553
4563
4676
4696
4582
4604
4561
4597
4655
4572
4544
4610
4620
4589
4683
4574
4701
4534
4722
4621
4506
4654
4643
4648
4598
4666
4615
4645
4681
4687
4698
4813
4578
4650
4660
4624
4653
4624
4606
4569
4693
4612
4597
4612
4671
4695
4606
4706
4687
4624
4602
4666
4616
4721
4679
4733
4804
4695
4691
4655
4766
4674
4676
4727
4718
4712
4716
4632
4672
4649
4690
4770
4694
4640
4672
4695
4735
4617
4648
4696
4721
4713
4672
4711
4661
4707
4740
4766
4625
4704
4772
4771
4687
4690
4769
4660
4809
4740
4821
4759
4779
4795
4802
4761
4859
4732
4769
4757
4802
4785
4830
4731
4749
4860
4743
4785
4815
4785
4742
4785
4797
4847
4833
4810
4800
4824
4806
4825
4877
4739
4938
4852
4973
4859
4766
4863
4745
4845
4847
4895
