7696
6846
6740
6791
6833
6773
6828
6808
6682
6850
6728
6802
6755
6661
6810
6763
6767
6671
6748
6799
6725
6857
6810
6779
6749
6777
6741
6809
6717
6738
6774
6762
6839
6787
6806
6693
6668
6778
6613
6754
6755
6824
6707
6835
6792
6791
6808
6752
6765
6591
6779
6788
6771
6767
6801
6861
6786
6756
6690
6695
6839
6695
6852
6852
6792
6862
6770
6796
6757
6773
6897
6772
6774
6776
6795
6777
6812
6820
6795
6794
6795
6798
6842
6790
6801
6754
7033
6785
6520
6922
6866
6893
6800
6721
6844
6795
6806
6796
6868
6861
6812
6867
6948
6776
6846
6800
6903
6858
6953
6843
6932
6696
6865
6934
6955
6892
6969
6817
6810
6885
6754
6816
6900
6817
6870
6813
6866
6858
6816
6931
6875
7008
6872
6878
6941
6993
6882
6960
6863
6950
6998
6886
6996
7039
6847
6952
6991
7038
7001
6943
6802
6833
6856
6911
6972
6944
6897
6931
7005
6872
6883
6984
6920
6858
7002
6961
6849
6941
6928
7038
6881
6944
6972
7010
6928
7071
7028
7045
7019
6983
6922
6940
7013
6998
6952
6995
6948
7005
6988
7022
7009
7043
6857
6987
6957
7023
7078
7052
6957
7069
6969
7069
6926
7039
6975
7006
6938
6949
7048
7024
6953
6988
6988
7038
7015
7032
7022
7002
7005
7115
7027
7103
7107
7034
7093
7095
7030
7119
7002
7041
7186
6944
6947
7140
7124
7076
7061
7064
7194
7191
7117
6934
6981
7131
7078
6996
7132
7058
7095
7135
7051
7187
6981
7077
7177
7061
7002
7154
7027
7122
7138
7098
7112
7031
7114
7087
7080
7177
7033
7217
7044
7085
7104
7190
7189
7237
7126
7158
7101
7125
7070
7236
7220
7271
7114
7128
7116
7169
7158
7120
7192
7109
7153
7104
7126
7201
7161
7151
7308
7256
7114
7238
7229
7214
7153
7187
7175
7283
7226
7195
7208
7197
6966
7186
7203
7160
7175
7147
7206
7171
7337
7169
7253
7215
7232
7240
7152
7195
7230
7340
7255
7188
7392
7156
7168
7135
7245
7272
7353
7184
7103
7218
7313
7128
7307
7256
7217
7236
7326
7389
7302
7340
7225
7274
7291
7167
7207
7293
7270
7273
7346
7383
7381
7308
7243
7261
7309
7291
7282
7296
7275
7322
7377
7406
7287
7472
7274
7425
7352
7260
7367
7409
7340
7355
7356
7387
7391
7412
7292
7402
7500
7237
7433
7451
7333
7423
7378
7313
7369
7491
7374
7393
7448
7363
7424
7399
7446
7356
7284
7334
7485
7416
7563
7386
7491
7503
7418
7421
7427
7465
7511
7533
7420
7458
7463
7380
7353
7530
7473
7486
7513
7488
7444
7446
7421
7550
7387
7394
7496
7497
7558
7498
7406
7487
7414
7501
7497
7385
7493
7485
7580
7627
7455
7529
7468
7517
7559
7652
7629
7493
7563
7561
7506
7556
7531
7584
7505
7613
7611
7621
7530
7558
7660
7545
7642
7698
7506
7685
7654
7653
7616
7688
7511
7531
7605
7676
7642
7732
7561
7687
7709
7822
7805
7587
7738
7532
7562
7680
7683
