3679
3425
3380
3387
3390
3316
3419
3423
3399
3498
3406
3393
3429
3393
3461
3475
3448
3472
3498
3503
3506
3564
3507
3475
3503
3577
3527
3610
3471
3560
3553
3530
3614
3558
3590
3536
3496
3534
3443
3575
3581
3592
3528
3578
3595
3589
3585
3563
3593
3551
3616
3574
3623
3644
3693
3609
3646
3636
3652
3563
3691
3575
3669
3666
3606
3664
3721
3636
3662
3644
3723
3631
3690
3681
3677
3634
3700
3654
3679
3657
3673
3682
3711
3699
3741
3711
3829
3688
3498
3760
3789
3794
3703
3653
3758
3696
3728
3682
3834
3782
3734
3754
3814
3678
3782
3748
3758
3760
3767
3784
3812
3775
3762
3833
3838
3774
3836
3711
3755
3783
3691
3785
3814
3765
3881
3723
3789
3772
3862
3787
3777
3870
3794
3811
3850
3921
3820
3862
3830
3876
3921
3765
3839
3903
3813
3882
3917
3856
3842
3889
3754
3753
3830
3848
3879
3941
3809
3857
3866
3821
3798
3925
3837
3788
3932
3887
3844
3905
3864
3885
3850
3877
3902
3901
3810
3930
3944
3940
3937
3915
3919
3860
3922
3910
3899
3926
3922
3893
3906
3892
3955
3916
3858
3864
3870
3878
3972
3924
3945
3937
3975
3959
3920
3927
3919
3916
3844
3879
3982
3966
3886
4031
3963
3996
3960
4013
3958
3946
3980
3961
3946
4000
4009
3907
4000
3975
3964
4024
3998
4001
4114
3898
3968
4016
4051
3971
3951
4007
4091
4066
3963
3886
3857
3997
3990
3966
4036
3979
3957
3990
4034
4026
3968
3983
4053
4029
3921
4053
3950
4012
4009
4077
4012
3975
4030
3989
4016
4110
4005
4145
3971
3968
4077
4013
4091
4088
3995
4072
4008
4022
3993
4135
4051
4112
3995
4059
4125
4079
4087
4039
4143
4007
4031
3975
4024
4073
4088
4011
4156
4069
4092
4137
4096
4103
4027
4083
4124
4155
4179
4079
4128
4053
3952
4087
4080
4107
4052
3995
4147
4127
4183
4047
4112
4151
4139
4101
4039
4133
4115
4148
4092
4078
4232
4089
4099
4017
4123
4110
4185
4102
4085
4110
4191
4107
4131
4143
4084
4118
4250
4274
4081
4196
4088
4162
4159
4094
4160
4193
4125
4189
4166
4200
4277
4168
4165
4159
4195
4195
4183
4146
4139
4187
4147
4184
4172
4235
4152
4273
4144
4096
4265
4248
4233
4137
4232
4253
4183
4277
4168
4260
4350
4153
4253
4281
4262
4273
4243
4175
4187
4285
4201
4244
4262
4251
4283
4199
4243
4247
4161
4149
4278
4276
4312
4280
4323
4311
4254
4322
4295
4291
4341
4287
4225
4339
4273
4286
4233
4276
4204
4284
4315
4256
4225
4195
4251
4307
4213
4162
4276
4265
4348
4299
4283
4262
4239
4319
4339
4229
4292
4306
4387
4367
4244
4381
4314
4387
4317
4401
4359
4333
4376
4339
4336
4387
4342
4357
4366
4396
4347
4364
4368
4306
4416
4354
4400
4432
4330
4417
4426
4359
4398
4414
4345
4326
4363
4411
4366
4430
4346
4416
4468
4491
4426
4348
4393
4283
4325
4374
4486
