8781
8942
8832
8925
8827
8846
8823
8821
8839
8826
8916
8768
8790
8751
8903
8833
8788
8771
8794
8721
8694
8765
8807
8790
8800
8849
8825
8853
8714
8796
8664
8807
8811
8755
8800
8758
8765
8800
8793
8789
8833
8829
8878
8777
8784
8800
8757
8831
8893
8831
8865
8870
8674
8671
8786
8811
8899
8876
8866
8799
8757
8897
8872
8879
8820
8892
8902
8783
8946
8955
8863
8909
8747
8885
8966
8737
8952
8811
8852
8880
8865
8932
8979
8923
8850
8960
8800
8770
8963
8936
8907
8895
8932
9003
8860
8994
8950
8865
8840
8806
9036
9001
8911
8870
8863
9030
8877
9003
8894
8849
8920
9020
9028
8937
9124
9039
8974
9007
9042
9035
8995
8801
8936
9043
9041
8991
9060
9079
8882
8930
8930
8951
8906
9024
8985
8973
9021
8996
9061
9070
9012
9043
9128
9106
9044
9108
9011
8985
8970
9040
8959
9052
9052
8994
9000
8943
9093
9041
9019
9006
8916
9119
9003
9065
9036
9091
9054
9016
9056
9043
9052
8963
9003
9083
9041
9001
9097
8953
9132
8988
9022
9119
9020
9009
9089
9108
9065
9039
9090
9005
9155
9088
9056
9160
9022
8991
9099
9165
9009
9068
9110
9178
8995
9121
9075
9036
9035
9094
9217
8956
9139
9214
9027
9106
9011
9140
9113
9050
9102
9264
9112
9039
9111
9198
9047
9214
9144
9053
9090
9159
9192
9075
9071
9165
9118
9050
9265
9188
9179
9107
9197
9096
9101
9157
9191
9036
9142
9199
9225
9112
9113
9186
9175
9045
9130
9195
9131
9212
9189
9234
9047
9189
9072
9061
9162
9234
9097
9160
9242
9154
9056
9061
9122
9242
6590
9106
9165
9231
9224
9172
9145
9165
9209
9226
9181
9217
9235
9148
9247
9244
9142
9302
9187
9124
9212
9191
9325
9239
9131
9284
9188
9211
9284
9171
9191
9288
9202
9325
9182
9316
9266
9224
9355
9300
9295
9254
9205
9261
9122
9207
9302
9258
9123
9123
9146
9213
9277
9204
9264
9125
9272
9205
9330
9233
9278
9252
9261
9233
9270
9242
9294
9205
9293
9268
9202
9252
9306
9375
9329
9338
9171
9228
9245
9303
9311
9349
9436
9348
9186
9312
9420
9364
9296
9298
9199
9149
9217
9299
9297
9272
9388
9215
9261
9233
9362
9300
9267
9318
9345
9332
9304
9202
9396
9399
9382
9319
9302
9350
9224
9301
9257
9271
9344
9291
9292
9311
9329
9354
9388
9373
9418
9382
9332
9299
9345
9351
9291
9403
9392
9421
9304
9377
9441
9337
9324
9471
9307
9465
9298
9411
9365
9534
9327
9367
9476
9348
9370
9367
9394
9348
9423
9468
9488
9434
9420
9498
9450
9434
9551
9478
9428
9332
9353
9432
9357
9458
9403
9498
9368
9350
9498
9340
9532
9498
9325
9374
9477
9560
9542
9381
9381
9396
9371
9460
9491
9594
9491
9378
9454
9374
9437
9439
9394
9445
9524
9426
9400
9544
9462
9452
9424
9501
9508
9571
9407
9396
9552
9438
9356
9618
9525
9479
9412
9422
9522
9504
9539
9551
9560
9547
