3858
3852
3867
3842
3793
3826
3807
3860
3871
3863
3927
3919
3882
3804
3999
3905
3859
3893
3966
3908
3945
3956
3959
4052
3957
3921
4032
4110
4017
4007
3908
3965
3963
4030
4044
4040
3966
4073
3983
3997
3991
4088
4086
4038
4081
4096
4043
4144
4154
4056
4139
4167
3999
4018
4071
4141
4217
4181
4193
4104
4164
4130
4107
4233
4154
4158
4184
4150
4178
4291
4209
4217
4204
4159
4174
4153
4261
4198
4254
4216
4171
4154
4341
4283
4224
4252
4211
4198
4252
4168
4334
4237
4218
4316
4226
4247
4243
4246
4191
4204
4326
4294
4332
4203
4303
4306
4219
4330
4274
4283
4305
4345
4455
4269
4419
4394
4298
4360
4359
4345
4388
4242
4259
4408
4326
4350
4359
4407
4244
4209
4321
4322
4288
4347
4329
4280
4333
4381
4327
4324
4362
4386
4405
4433
4374
4417
4370
4419
4368
4391
4341
4327
4474
4380
4405
4318
4453
4377
4377
4379
4365
4414
4390
4390
4370
4504
4493
4413
4376
4421
4386
4272
4438
4444
4451
4392
4362
4364
4484
4393
4489
4439
4412
4407
4449
4459
4443
4438
4475
4370
4484
4468
4415
4507
4357
4393
4421
4411
4330
4375
4467
4492
4399
4483
4463
4434
4394
4505
4522
4391
4480
4505
4477
4513
4457
4478
4521
4516
4423
4587
4468
4444
4447
4530
4491
4608
4504
4363
4451
4442
4540
4416
4423
4482
4499
4417
4566
4505
4539
4443
4622
4485
4480
4507
4521
4435
4422
4476
4575
4552
4468
4520
4532
4517
4454
4516
4534
4624
4550
4601
4492
4460
4437
4537
4582
4575
4414
4494
4559
4541
4422
4484
4485
4535
2019
4562
4497
4603
4603
4551
4517
4524
4604
4560
4531
4562
4563
4593
4607
4594
4499
4599
4556
4563
4540
4643
4682
4593
4543
4579
4550
4556
4664
4558
4521
4612
4484
4649
4548
4638
4592
4648
4666
4593
4579
4623
4568
4604
4528
4596
4606
4582
4568
4538
4533
4576
4642
4585
4618
4599
4641
4602
4664
4497
4618
4598
4550
4579
4617
4627
4602
4593
4640
4601
4611
4621
4623
4642
4729
4658
4531
4546
4546
4667
4612
4650
4701
4630
4571
4673
4668
4635
4619
4629
4597
4544
4628
4604
4596
4697
4730
4575
4551
4605
4754
4619
4677
4642
4658
4653
4646
4615
4688
4679
4706
4639
4615
4675
4598
4663
4579
4576
4698
4652
4630
4637
4698
4694
4729
4702
4710
4707
4670
4681
4689
4711
4639
4714
4709
4673
4693
4671
4726
4733
4710
4760
4666
4710
4688
4679
4675
4790
4675
4662
4719
4773
4709
4718
4749
4710
4731
4764
4744
4751
4696
4769
4730
4755
4854
4780
4722
4632
4643
4727
4751
4667
4702
4752
4677
4693
4729
4693
4797
4832
4736
4625
4767
4845
4813
4745
4670
4772
4734
4759
4733
4866
4762
4693
4731
4743
4770
4771
4733
4732
4838
4770
4757
4817
4718
4778
4714
4766
4849
4807
4651
4740
4776
4772
4663
4857
4749
4779
4712
4730
4784
4785
4841
4789
4784
4831
