8819
8579
8579
8649
8558
8560
8563
8490
8534
8505
8551
8507
8576
8477
8696
8571
8521
8417
8472
8488
8378
8489
8405
8560
8549
8559
8461
8458
8517
8415
8387
8514
8379
8489
8470
8504
8541
8451
8492
8621
8534
8566
8646
8503
8493
8544
8496
8553
8605
8615
8660
8604
8536
8556
8460
8690
8639
8682
8596
8578
8597
8581
8567
8684
8550
8634
8601
8590
8621
8728
8514
8604
8623
8534
8587
8540
8676
8615
8598
8576
8625
8782
8766
8677
8643
8672
8625
8634
8808
8701
8658
8570
8750
8766
8742
8600
8721
8602
8657
8538
8832
8809
8640
8605
8648
8635
8636
8732
8593
8568
8664
8760
8725
8737
8766
8746
8754
8830
8700
8779
8734
8623
8837
8797
8729
8652
8891
8901
8573
8645
8679
8755
8648
8762
8703
8737
8792
8796
8775
8842
8772
8609
8846
8929
8774
8862
8824
8737
8720
8751
8658
8692
8873
8748
8691
8839
8698
8650
8760
8730
8718
8796
8796
8770
8816
8855
8867
8680
8757
8751
8736
8758
8898
8687
8777
8735
8839
8772
8814
8843
8731
8900
8802
8681
8827
8780
8888
8786
8873
8642
8845
8884
8955
8852
8713
8792
8790
8830
8822
8766
8870
8832
8747
9073
8763
8761
8837
8852
8911
8658
8773
8861
8850
8830
8761
8804
8875
8832
8845
9018
8880
8770
8977
8914
8788
9074
8874
8754
8875
8952
8937
8773
8848
8943
8942
8781
8928
9058
8875
8847
8910
8887
8899
8955
8825
8865
8800
8933
8955
8945
8953
8965
8817
8925
8869
8893
8837
9006
8947
8950
8824
9028
8882
8757
8940
9014
8822
8875
8989
8825
8812
8779
8725
8912
6259
8967
8938
8851
8928
8899
8845
8915
8913
8894
8918
8910
8943
8994
8960
9014
8853
8979
8936
8858
8849
8909
9081
8997
8890
9043
8994
9058
9099
8974
8928
8969
8971
9122
8884
8890
8988
9016
9039
9003
9076
9037
8907
8908
8763
8852
8984
9113
8955
8960
8965
8961
9030
8989
8965
8801
8957
9031
9198
8948
9029
9081
9051
9016
9032
9005
9092
8979
8940
8993
9054
9057
8995
9143
9140
8980
8904
8945
8919
9055
9088
9078
9103
9089
8890
9022
9082
9113
9014
9099
8925
8890
8925
9124
9015
9055
9188
9099
8910
9034
9111
8950
8920
9102
9140
9099
9094
8980
9140
9136
9073
9070
9096
9080
9080
9067
9013
9107
9104
9096
9087
9110
9077
9129
9188
9010
9135
9078
8982
9014
9166
9096
8949
9162
9084
9042
9146
9068
9118
9049
9092
9169
9038
9158
9110
9108
9162
9259
9114
9232
9113
9302
9162
9089
9241
9021
9184
9136
9285
9163
9136
9122
9212
9237
9309
9155
9050
9099
9107
9075
9223
9143
9108
9237
9168
9104
9219
9111
9264
9208
9126
9181
9263
9317
9312
9133
9172
9113
9141
9212
9335
9419
9264
9189
9218
9135
9245
9209
9170
9181
9319
9180
9153
9400
9310
9217
9225
9209
9385
9250
9222
9068
9275
9174
9181
9335
9291
9240
9158
9204
9131
9301
9320
9317
9233
9379
