4014
3915
3961
3971
3926
3955
3948
3870
3899
3981
3977
3997
3964
3978
4108
4081
3943
3917
3959
4021
3883
4078
3913
4040
4018
4060
4058
3989
4157
4061
4018
4043
3929
4026
3991
4112
4070
4065
4124
4279
4093
4219
4217
4230
4095
4193
4109
4256
4231
4208
4268
4275
4145
4188
4096
4256
4294
4327
4233
4236
4239
4253
4149
4258
4198
4338
4232
4262
4283
4403
4197
4243
4221
4180
4267
4212
4334
4283
4201
4283
4320
4396
4393
4427
4315
4291
4342
4222
4445
4373
4373
4315
4334
4416
4440
4269
4418
4321
4357
4254
4457
4421
4408
4382
4393
4385
4341
4468
4313
4286
4375
4460
4496
4427
4458
4410
4338
4483
4350
4506
4490
4374
4491
4492
4466
4392
4488
4531
4312
4409
4480
4479
4397
4470
4421
4487
4527
4517
4445
4549
4483
4367
4527
4657
4413
4563
4556
4388
4478
4391
4418
4429
4573
4445
4463
4523
4468
4357
4524
4418
4455
4560
4448
4470
4548
4632
4546
4446
4479
4502
4498
4484
4675
4422
4495
4435
4542
4528
4511
4460
4531
4548
4555
4473
4531
4527
4568
4589
4547
4459
4580
4613
4648
4590
4464
4509
4490
4562
4578
4501
4675
4515
4559
4756
4553
4509
4532
4575
4613
4437
4550
4587
4558
4571
4524
4594
4584
4593
4546
4704
4636
4480
4706
4677
4520
4841
4646
4575
4538
4582
4661
4510
4601
4635
4697
4523
4622
4739
4608
4560
4681
4585
4619
4658
4577
4620
4545
4660
4760
4650
4689
4699
4567
4694
4664
4605
4580
4817
4626
4763
4592
4713
4612
4537
4770
4737
4543
4662
4659
4559
4576
4536
4502
4633
2022
4707
4668
4676
4703
4704
4670
4694
4722
4654
4666
4675
4711
4733
4730
4777
4542
4683
4692
4624
4654
4694
4803
4683
4620
4752
4687
4808
4805
4669
4663
4732
4712
4833
4661
4664
4685
4794
4748
4790
4772
4738
4658
4654
4615
4601
4721
4768
4699
4689
4756
4765
4778
4717
4727
4627
4706
4790
4893
4661
4827
4861
4721
4754
4732
4717
4836
4807
4665
4702
4724
4766
4822
4857
4919
4747
4659
4673
4652
4834
4741
4805
4851
4827
4706
4796
4728
4811
4719
4795
4664
4686
4636
4841
4821
4856
4892
4920
4639
4734
4848
4738
4732
4812
4904
4821
4828
4764
4819
4860
4855
4782
4788
4825
4719
4850
4773
4775
4828
4748
4806
4819
4848
4863
4902
4755
4844
4902
4733
4758
4893
4847
4722
4861
4828
4803
4865
4744
4853
4786
4874
4893
4739
4862
4841
4858
4825
4955
4749
4905
4831
5056
4877
4766
4905
4775
4924
4848
4943
4828
4869
4812
4966
4975
4956
4913
4800
4864
4882
4815
4982
4817
4957
4875
4933
4760
4872
4811
4998
4933
4899
4861
4954
5038
4990
4881
4924
4910
4760
4964
4935
5099
4987
4884
4906
4880
4972
4911
4861
4836
4988
4960
4917
5079
5013
4906
4923
4901
5110
4930
4909
4802
4991
4918
4884
5010
4990
5005
4850
4943
4872
4979
5016
5024
4974
5048
