9169
9234
9272
9336
9273
9241
9277
9296
9241
9174
9236
9227
9217
9133
9269
9289
9101
9143
9193
9084
9113
9211
9219
9203
9192
9205
9163
9212
9169
9257
9117
9252
9238
9213
9204
9229
9177
9218
9156
9278
9264
9162
9275
9157
9241
9229
9263
9246
9282
9257
9246
9263
9195
9134
9160
9261
9241
9215
9267
9234
9218
9230
9229
9311
9201
9282
9259
9128
9287
9330
9281
9363
9250
9247
9320
9210
9310
9297
9246
9306
9304
9292
9310
9301
9238
9279
9259
9202
9281
9315
9374
9239
9397
9402
9379
9383
9352
9277
9257
9296
9389
9339
9345
9297
9333
9331
9264
9355
9348
9242
9378
9340
9399
9333
9447
9477
9420
9414
9352
9420
9353
9260
9340
9420
9395
9336
9453
9428
9299
9317
9387
9359
9297
9392
9372
9353
9398
9383
9396
9455
9340
9305
9491
9483
9413
9473
9417
9417
9339
9374
9358
9453
9504
9273
9383
9404
9434
9401
9422
9396
9392
9510
9400
9427
9437
9436
9460
9392
9390
9455
9289
9366
9448
9459
9428
9372
9428
9415
9465
9372
9437
9533
9535
9465
9514
9473
9438
9346
9495
9319
9578
9478
9478
9540
9421
9368
9489
9474
9443
9487
9417
9477
9452
9503
9410
9470
9408
9544
9610
9369
9503
9542
9425
9451
9422
9402
9469
9433
9527
9604
9488
9435
9522
9539
9490
9587
9496
9469
9449
9477
9622
9450
9588
9562
9610
9496
9588
9591
9532
9504
9662
9446
9480
9547
9538
9489
9559
9624
9602
9583
9557
9553
9560
9545
9555
9545
9506
9603
9545
9580
9526
9579
9465
9533
9594
9630
9512
9459
9608
9557
9461
9483
9507
9552
7117
9617
9564
9517
9522
9590
9513
9488
9604
9622
9534
9595
9568
9627
9629
9620
9499
9635
9470
9554
9591
9557
9682
9610
9518
9625
9505
9592
9685
9620
9619
9609
9564
9692
9601
9582
9591
9602
9676
9620
9647
9693
9603
9605
9513
9521
9614
9659
9595
9527
9558
9603
9656
9669
9640
9608
9647
9610
9553
9547
9695
9655
9642
9602
9574
9655
9622
9568
9619
9658
9697
9604
9643
9707
9676
9587
9578
9619
9612
9691
9672
9761
9781
9731
9559
9717
9680
9645
9660
9610
9563
9602
9703
9596
9701
9571
9747
9603
9648
9582
9660
9654
9648
9722
9713
9699
9722
9558
9737
9753
9709
9699
9726
9746
9608
9610
9670
9694
9679
9628
9694
9683
9682
9765
9759
9743
9776
9760
9730
9732
9702
9712
9623
9699
9686
9810
9654
9769
9790
9669
9690
9819
9599
9885
9639
9745
9737
9956
9754
9749
9798
9762
9632
9677
9743
9651
9780
9775
9793
9771
9701
9750
9777
9841
9920
9852
9789
9677
9701
9742
9722
9803
9792
9904
9804
9672
9843
9751
9858
9831
9686
9767
9789
9907
9873
9689
9683
9801
9784
9793
9850
9910
9801
9766
9874
9815
9819
9822
9745
9752
9925
9836
9763
9896
9782
9793
9763
9809
9963
9858
9832
9798
9897
9809
9746
9880
9844
9814
9751
9847
9850
9956
9875
9838
9878
9921
