3652
3579
3597
3587
3519
3592
3609
3648
3643
3624
3636
3661
3618
3629
3678
3687
3544
3596
3676
3547
3705
3710
3715
3755
3734
3730
3738
3746
3706
3748
3684
3783
3730
3788
3786
3835
3741
3768
3684
3816
3764
3787
3850
3783
3788
3816
3766
3856
3918
3822
3838
3865
3788
3823
3790
3906
3960
3837
3918
3851
3883
3888
3857
3936
3869
3903
3879
3848
3899
3956
3961
3918
3895
3885
3909
3847
3958
3932
3916
3968
3963
3921
4045
3963
3987
3936
3930
3924
3913
3950
4004
3951
4024
4014
3984
3981
3994
3974
3925
3926
4015
3977
4030
4008
4057
3996
4011
4039
4029
3962
4055
4012
4099
4015
4063
4096
4071
4033
4000
4090
4073
3981
4075
4122
4059
4050
4089
4097
3961
4004
4122
4031
4041
4087
4079
4030
4103
4126
4028
4094
4039
4042
4151
4183
4076
4138
4086
4104
4146
4049
4041
4052
4167
4082
4097
4032
4140
4059
4094
4094
4122
4147
4090
4107
4086
4162
4124
4123
4084
4115
4015
4020
4169
4168
4144
4054
4130
4115
4149
4105
4153
4159
4193
4133
4204
4200
4142
4137
4197
4032
4222
4170
4122
4176
4092
4088
4148
4169
4137
4152
4191
4147
4147
4195
4194
4179
4110
4195
4270
4181
4240
4259
4129
4177
4141
4167
4244
4186
4176
4252
4206
4170
4186
4259
4166
4216
4202
4139
4157
4125
4238
4155
4203
4174
4254
4185
4253
4226
4212
4190
4296
4193
4184
4217
4190
4162
4183
4229
4268
4285
4240
4237
4216
4226
4270
4270
4231
4353
4221
4297
4248
4253
4155
4266
4287
4299
4141
4138
4313
4256
4188
4190
4237
4234
1837
4333
4248
4280
4240
4246
4227
4233
4275
4260
4267
4259
4237
4279
4361
4336
4247
4299
4249
4236
4277
4296
4329
4306
4229
4309
4258
4301
4342
4270
4212
4308
4274
4422
4313
4316
4239
4303
4338
4331
4254
4381
4320
4294
4290
4288
4337
4313
4322
4253
4283
4301
4339
4305
4295
4301
4310
4326
4332
4219
4355
4389
4340
4285
4297
4338
4318
4319
4345
4298
4359
4259
4325
4392
4426
4306
4225
4331
4254
4420
4303
4351
4417
4318
4217
4399
4349
4311
4298
4320
4285
4342
4309
4326
4393
4340
4401
4323
4300
4354
4422
4395
4351
4380
4425
4350
4413
4325
4437
4466
4425
4399
4328
4416
4309
4405
4305
4331
4351
4314
4444
4358
4313
4477
4471
4382
4398
4411
4394
4422
4424
4413
4321
4392
4424
4453
4390
4371
4428
4357
4417
4458
4321
4506
4277
4413
4445
4590
4360
4391
4433
4492
4354
4397
4421
4388
4429
4499
4453
4450
4441
4455
4433
4469
4556
4502
4463
4416
4404
4467
4372
4465
4494
4522
4441
4348
4481
4455
4463
4447
4501
4371
4413
4543
4461
4443
4372
4463
4434
4467
4461
4652
4489
4465
4465
4471
4459
4472
4448
4453
4527
4558
4396
4576
4449
4518
4436
4447
4596
4505
4421
4433
4499
4502
4402
4533
4473
4500
4410
4524
4466
4562
4521
4514
4540
4520
