7272
6852
6862
6911
6822
6873
6874
6869
6784
6768
6939
6770
6808
6750
6957
6841
6838
6730
6816
6716
6759
6734
6802
6830
6790
6856
6765
6846
6755
6789
6706
6836
6785
6797
6766
6782
6804
6789
6787
6784
6863
6800
6916
6817
6852
6856
6834
6908
6835
6858
6903
6913
6805
6800
6792
6864
6979
6847
6856
6880
6834
6915
6804
6885
6868
6979
6911
6752
6949
6910
6865
6986
6854
6917
6904
6827
6929
6900
6881
6928
6886
6905
6961
6977
6882
6936
6875
6812
6974
6947
6972
6824
6954
6981
6917
6949
6961
6910
6948
6923
7029
6959
6905
6862
6926
6931
6907
6977
6896
6903
6995
7005
7100
6886
7054
7049
7012
7014
7003
6991
7071
6859
6974
7038
7021
6972
7052
7110
6904
6916
6968
6999
6958
6990
6975
6966
6936
7074
6971
7061
7030
6974
7153
7144
7041
7094
7014
6953
6918
7044
6936
6965
7040
6958
6996
6966
7004
6974
6957
7006
6987
7026
7054
7076
7072
7041
7070
7026
7042
6986
6945
7043
7079
7000
7069
6947
7066
7062
7097
7112
6982
7066
7075
6994
7130
6994
7072
6995
7064
6990
7144
7119
7104
7147
6972
7073
7059
7054
7054
7111
7092
7139
6960
7079
7022
7022
7006
7052
7188
6882
7070
7079
7100
7044
7011
7064
7108
7055
7065
7204
7131
7014
7176
7137
7072
7239
7064
7115
7047
7165
7165
7009
7140
7152
7190
7012
7220
7178
7137
7074
7237
7082
7076
7123
7141
7067
7096
7107
7183
7185
7119
7161
7160
7047
7120
7071
7141
7206
7112
7172
7066
7156
7055
7074
7082
7254
7049
7113
7198
7146
7032
7129
7096
7198
4776
7211
7168
7154
7164
7172
7188
7158
7189
7184
7193
7300
7182
7147
7206
7267
7106
7202
7146
7132
7219
7200
7309
7249
7176
7205
7195
7207
7300
7191
7158
7267
7214
7336
7121
7256
7267
7185
7264
7268
7283
7278
7164
7174
7106
7217
7201
7183
7206
7160
7232
7233
7305
7254
7197
7162
7244
7213
7298
7194
7184
7326
7215
7171
7250
7249
7283
7265
7300
7307
7332
7259
7287
7361
7289
7253
7183
7224
7170
7249
7266
7357
7347
7383
7171
7294
7332
7336
7271
7282
7126
7164
7234
7358
7243
7291
7363
7237
7230
7246
7337
7280
7228
7377
7326
7351
7374
7204
7372
7332
7326
7332
7322
7289
7264
7250
7245
7265
7325
7289
7295
7313
7375
7301
7328
7381
7408
7364
7308
7307
7297
7337
7293
7353
7324
7373
7270
7283
7432
7281
7286
7375
7213
7347
7277
7346
7341
7542
7327
7352
7466
7389
7357
7286
7391
7292
7432
7460
7477
7428
7348
7337
7349
7392
7567
7487
7378
7282
7370
7407
7341
7426
7374
7525
7419
7376
7463
7344
7522
7423
7356
7377
7491
7509
7509
7396
7401
7373
7357
7415
7439
7601
7522
7410
7444
7397
7454
7473
7273
7350
7520
7402
7423
7491
7435
7385
7331
7432
7597
7565
7384
7413
7409
7388
7410
7603
7491
7522
7340
7480
7393
7531
7495
7467
7518
7497
