3600
3448
3533
3535
3401
3503
3484
3514
3493
3458
3568
3488
3500
3497
3629
3569
3520
3486
3574
3485
3548
3555
3586
3651
3581
3535
3649
3657
3655
3645
3613
3631
3584
3675
3625
3686
3598
3638
3634
3737
3644
3638
3729
3685
3727
3761
3679
3854
3720
3666
3743
3781
3691
3686
3696
3792
3819
3754
3758
3695
3732
3796
3752
3841
3782
3826
3773
3690
3796
3820
3828
3828
3746
3804
3815
3766
3858
3846
3845
3884
3822
3859
3927
3914
3851
3878
3822
3794
3889
3812
3902
3775
3851
3885
3852
3877
3892
3893
3905
3888
3911
3904
3952
3825
3960
3858
3859
3949
3852
3869
3962
3967
3988
3938
4033
3989
3917
3953
3929
4025
4047
3848
3942
4031
3953
3975
4003
4012
3927
3927
3960
4012
3907
3975
3932
3940
3988
4044
3940
4043
4012
3935
4090
4085
3997
4036
3991
3963
3940
4039
3941
3938
4058
3980
4012
3958
4016
3981
4015
3995
4033
4015
3996
4034
4072
4072
4062
4012
4039
4068
3933
4038
4081
3975
4054
3949
4048
4026
4026
4018
4052
4017
4048
4057
4092
4040
4067
4068
4033
4014
4119
4107
4128
4145
4011
4052
4047
4077
4051
4024
4114
4136
4031
4128
4114
4051
4027
4093
4159
3974
4078
4127
4055
4114
4066
4085
4158
4150
4038
4199
4123
4047
4202
4134
4119
4213
4067
4105
4081
4142
4162
4044
4175
4177
4177
4104
4172
4144
4154
4119
4195
4153
4122
4132
4125
4146
4045
4097
4207
4214
4121
4149
4138
4109
4138
4183
4149
4227
4113
4249
4142
4158
4120
4115
4201
4243
4065
4140
4200
4175
4071
4111
4116
4188
1818
4164
4139
4210
4227
4126
4146
4175
4260
4147
4201
4240
4169
4168
4242
4250
4118
4212
4229
4175
4195
4243
4298
4238
4143
4208
4190
4156
4283
4174
4209
4220
4233
4369
4159
4242
4275
4221
4288
4203
4198
4261
4188
4259
4151
4180
4246
4207
4225
4158
4234
4210
4268
4240
4227
4223
4220
4242
4241
4182
4241
4302
4223
4194
4250
4281
4241
4302
4296
4245
4216
4208
4242
4312
4315
4254
4201
4204
4178
4271
4269
4309
4318
4317
4219
4315
4321
4320
4256
4254
4188
4229
4230
4342
4288
4268
4389
4239
4246
4286
4316
4304
4300
4323
4292
4357
4301
4263
4350
4337
4334
4264
4240
4273
4258
4318
4266
4231
4364
4238
4319
4326
4337
4375
4323
4331
4359
4353
4337
4274
4304
4324
4273
4331
4346
4368
4291
4280
4348
4313
4331
4343
4249
4379
4245
4332
4263
4464
4285
4363
4324
4440
4331
4306
4362
4264
4394
4425
4392
4376
4315
4349
4314
4376
4464
4435
4370
4326
4346
4326
4396
4357
4326
4409
4345
4338
4361
4375
4425
4416
4444
4317
4411
4478
4463
4373
4368
4381
4361
4390
4335
4532
4407
4347
4373
4350
4401
4371
4295
4340
4467
4421
4339
4451
4388
4398
4316
4438
4493
4397
4365
4351
4400
4410
4453
4493
4406
4473
4323
4474
4383
4453
4440
4447
4436
4468
