7769
7543
7600
7569
7573
7559
7668
7527
7475
7567
7476
7539
7511
7464
7484
7500
7525
7452
7494
7513
7479
7549
7493
7450
7451
7546
7573
7520
7471
7504
7559
7494
7520
7484
7496
7471
7444
7459
7267
7497
7421
7534
7453
7572
7515
7530
7502
7477
7510
7361
7551
7580
7483
7492
7579
7546
7520
7515
7470
7421
7569
7488
7631
7533
7494
7571
7503
7506
7514
7519
7634
7540
7526
7523
7573
7485
7488
7572
7503
7510
7588
7593
7626
7511
7479
7496
7660
7454
7187
7564
7601
7690
7606
7466
7577
7570
7529
7530
7639
7670
7557
7588
7695
7452
7540
7577
7627
7625
7625
7617
7660
7506
7624
7669
7689
7602
7750
7557
7513
7673
7447
7605
7681
7590
7662
7593
7657
7714
7626
7674
7602
7802
7611
7760
7642
7702
7667
7613
7574
7756
7842
7650
7649
7765
7611
7759
7772
7682
7756
7782
7566
7581
7643
7693
7772
7706
7704
7704
7725
7677
7622
7826
7640
7631
7800
7684
7641
7691
7741
7760
7629
7651
7730
7785
7719
7746
7778
7813
7795
7790
7690
7687
7727
7806
7721
7743
7712
7756
7777
7738
7882
7889
7660
7719
7747
7705
7815
7802
7743
7800
7813
7842
7661
7807
7779
7726
7707
7766
7873
7734
7759
7795
7675
7804
7790
7823
7793
7762
7751
7866
7733
7859
7840
7784
7866
7832
7834
7854
7769
7839
7931
7784
7748
7900
7853
7855
7855
7841
7991
7955
7871
7744
7719
7946
7870
7864
7889
7824
7844
7882
7870
7943
7826
7859
7880
7843
7827
7919
7818
7812
7889
7974
7897
7847
7815
7884
7843
7921
7755
7935
7864
7793
7853
7881
7973
7967
7860
7870
7867
7832
7844
7990
7905
8048
7844
7939
7930
8018
7957
7943
7995
7982
7914
7834
7904
8023
7949
7930
8025
8020
7869
8067
7961
8011
7911
8014
7984
7918
7995
7926
7940
8009
7783
7914
8010
7868
7930
7927
8021
8003
8090
7923
8062
8025
7950
8057
7871
8019
7977
8075
8062
7968
8081
7870
7896
7903
8027
8051
8084
8001
7949
8061
8172
7952
8111
8004
7981
8034
8123
8208
8013
8092
8019
8153
8076
8000
7980
8156
8054
7985
8065
8168
8230
8039
8002
8087
8082
8129
8070
8074
8032
8152
8145
8173
8008
8267
7967
8245
8090
8032
8178
8232
8196
8090
8204
8170
8178
8166
8093
8218
8330
8064
8192
8231
8107
8189
8189
8153
8153
8285
8138
8201
8188
8121
8321
8126
8254
8196
8079
8165
8300
8246
8296
8186
8258
8291
8200
8234
8257
8280
8238
8203
8219
8281
8376
8156
8149
8240
8310
8200
8317
8172
8168
8242
8237
8287
8194
8214
8324
8268
8257
8247
8331
8235
8226
8297
8227
8144
8336
8336
8353
8346
8201
8277
8230
8253
8401
8413
8502
8325
8283
8350
8310
8322
8325
8343
8367
8410
8296
8374
8326
8433
8435
8329
8410
8551
8348
8459
8356
8504
8426
8514
8343
8387
8471
8458
8426
8528
8364
8479
8462
8542
8525
8398
8410
8261
8471
8505
8458
