3701
3848
3796
3798
3827
3814
3843
3784
3860
3868
3800
3849
3842
3842
3880
3860
3876
3825
3919
3957
3891
3960
3900
3832
3918
3922
4007
3933
3891
3950
3968
3977
4014
3977
3975
3990
3920
3998
3863
4010
3972
3976
3939
4029
4064
3962
3975
4012
3952
3960
4022
4075
4064
4054
4065
4032
4060
4101
4098
3986
4121
4056
4099
4085
4011
4109
4118
4065
4047
4109
4138
4068
4130
4060
4137
4025
4165
4149
4056
4051
4204
4122
4157
4138
4118
4103
4249
4091
4014
4169
4201
4198
4092
4095
4136
4139
4150
4163
4201
4161
4142
4140
4243
4121
4167
4177
4166
4167
4141
4221
4199
4217
4187
4242
4234
4166
4326
4219
4170
4255
4132
4235
4259
4257
4335
4213
4270
4229
4281
4267
4161
4352
4256
4338
4281
4281
4314
4244
4262
4356
4401
4280
4272
4374
4249
4285
4351
4291
4343
4365
4162
4157
4269
4277
4341
4318
4283
4287
4363
4296
4226
4400
4235
4272
4343
4339
4214
4327
4398
4390
4298
4316
4365
4372
4278
4423
4414
4349
4387
4416
4362
4281
4357
4392
4328
4359
4353
4341
4370
4338
4411
4414
4272
4323
4386
4329
4431
4360
4402
4351
4376
4412
4326
4365
4407
4368
4277
4323
4447
4380
4367
4418
4413
4467
4391
4441
4378
4343
4405
4439
4383
4441
4459
4398
4463
4431
4428
4451
4492
4416
4510
4375
4441
4507
4426
4401
4436
4446
4542
4517
4400
4385
4377
4559
4443
4418
4448
4397
4378
4451
4474
4497
4516
4401
4481
4437
4464
4563
4395
4432
4460
4518
4446
4448
4467
4491
4483
4543
4353
4594
4475
4427
4477
4484
4516
4487
4409
4557
4489
4501
4431
4539
4477
4584
4490
4539
4588
4542
4534
4522
4612
4543
4456
4495
4487
4562
4575
4501
4592
4544
4536
4620
4539
4572
4488
4538
4534
4570
4638
4593
4601
4482
4449
4556
4523
4598
4492
4473
4648
4593
4671
4513
4542
4632
4608
4579
4515
4588
4593
4628
4565
4578
4619
4516
4546
4518
4629
4594
4632
4538
4543
4623
4638
4580
4629
4596
4587
4569
4668
4767
4627
4594
4561
4632
4649
4577
4587
4655
4546
4633
4591
4664
4710
4584
4638
4613
4688
4649
4624
4602
4601
4620
4664
4720
4604
4737
4615
4744
4624
4579
4716
4677
4690
4565
4702
4684
4741
4719
4621
4760
4830
4622
4753
4733
4652
4711
4707
4694
4654
4713
4630
4670
4761
4684
4764
4659
4749
4691
4660
4627
4765
4723
4786
4745
4842
4809
4704
4746
4725
4822
4746
4720
4759
4775
4726
4755
4679
4681
4750
4691
4767
4781
4685
4729
4766
4769
4714
4664
4773
4725
4753
4797
4760
4675
4698
4766
4811
4623
4787
4829
4813
4821
4706
4817
4731
4813
4788
4879
4799
4805
4735
4840
4804
4831
4802
4832
4859
4834
4786
4819
4816
4822
4849
4810
4822
4901
4833
4844
4768
4880
4857
4888
4836
4881
4866
4871
4835
4916
4805
4961
4933
4988
4891
4814
4815
4780
4854
4830
4941
