9722
9741
9757
9651
9779
9684
9732
9697
9617
9698
9653
9699
9659
9576
9689
9641
9613
9575
9707
9619
9561
9716
9666
9575
9676
9613
9662
9649
9652
9610
9631
9638
9606
9628
9571
9595
9528
9636
9507
9610
9581
9658
9555
9650
9671
9648
9622
9639
9611
9543
9672
9592
9720
9662
9671
9725
9681
9620
9624
9620
9724
9608
9715
9655
9596
9697
9664
9609
9655
9687
9736
9677
9682
9611
9638
9566
9662
9694
9671
9651
9712
9680
9797
9650
9659
9643
9806
9627
9392
9760
9732
9744
9711
9565
9633
9692
9646
9628
9747
9761
9734
9721
9865
9678
9669
9665
9734
9688
9703
9750
9838
9637
9679
9797
9759
9734
9884
9700
9642
9827
9592
9730
9802
9771
9787
9689
9803
9747
9785
9784
9740
9905
9747
9730
9790
9777
9800
9681
9732
9840
9903
9757
9780
9906
9687
9829
9858
9816
9810
9889
9727
9766
9727
9794
9904
9833
9769
9745
9834
9747
9729
9905
9803
9721
9800
9911
9801
9792
9871
9909
9820
9830
9885
9862
9847
9898
9936
9927
9905
9939
9862
9785
9916
9903
9840
9829
9820
9885
9866
9815
9897
9886
9810
9839
9869
9808
9896
9944
9835
9917
9865
9886
9917
9909
9921
9878
9840
9882
9938
9835
9857
9954
9840
9957
9920
9907
9892
9790
9924
9981
9873
10024
9882
9884
9927
9950
9927
9989
9982
9992
10088
9892
9842
9998
9935
9918
9939
9866
10040
10075
9925
9774
9959
10013
9964
9916
9960
9936
9979
10048
9971
10043
9984
9919
9970
9956
9859
10038
10008
9928
9948
10013
9979
9957
9979
9981
9955
10047
9856
10057
9894
9926
9977
9998
10014
10114
9983
10064
9984
9957
9952
10048
9962
10065
9980
10072
10092
10035
10030
9994
10090
9954
10021
10000
10014
10101
10073
10032
10110
10121
10046
10155
10088
10124
10093
10116
10083
10124
10067
10106
10094
10072
9945
10069
10177
10036
9998
10013
10135
10083
10246
9967
10093
10111
10106
10059
10029
10057
10059
10148
10210
10117
10128
10091
10029
10056
10156
10101
10238
10110
9960
10101
10188
10104
10165
10135
10089
10091
10210
10311
10156
10189
10048
10150
10119
10152
10088
10217
10161
10128
10197
10263
10284
10151
10094
10121
10186
10227
10219
10169
10209
10260
10244
10155
10200
10353
10159
10341
10208
10156
10285
10250
10239
10194
10270
10228
10217
10310
10199
10263
10341
10193
10277
10371
10209
10263
10320
10277
10189
10293
10197
10261
10284
10173
10311
10192
10271
10210
10141
10220
10374
10329
10346
10280
10384
10259
10288
10309
10331
10344
10335
10366
10293
10311
10431
10328
10256
10310
10299
10386
10403
10378
10292
10357
10372
10368
10246
10287
10337
10283
10398
10333
10351
10351
10239
10352
10311
10275
10394
10379
10422
10386
10291
10348
10314
10381
10359
10477
10397
10361
10390
10424
10390
10431
10375
10462
10344
10481
10434
10405
10324
10370
10469
10334
10455
10580
10381
10476
10433
10506
10420
10552
10426
10445
10478
10420
10514
10520
10411
10487
10513
10565
10504
10471
10435
10388
10497
10577
10576
