3889
3912
3836
3855
3900
3887
3858
3869
3910
3988
3876
3922
3921
3905
3961
3980
3990
3941
3993
4008
3959
4044
4000
3974
4005
3994
4015
4146
4008
4014
4032
4015
4076
4015
4022
4055
4000
3996
3968
4090
4031
4101
4041
4108
4175
4103
4098
4146
4038
4070
4170
4106
4107
4086
4139
4116
4135
4186
4154
4133
4258
4104
4184
4067
4118
4187
4172
4151
4098
4279
4245
4148
4154
4203
4206
4089
4238
4203
4151
4172
4209
4167
4210
4220
4188
4218
4315
4249
4165
4276
4306
4234
4192
4139
4239
4225
4201
4188
4293
4301
4297
4289
4323
4226
4267
4189
4277
4252
4216
4267
4307
4272
4250
4334
4237
4284
4402
4278
4250
4332
4231
4304
4353
4322
4350
4273
4308
4260
4322
4328
4304
4423
4316
4336
4340
4297
4332
4299
4335
4363
4429
4329
4354
4416
4301
4348
4371
4344
4341
4495
4304
4288
4272
4287
4450
4374
4354
4322
4337
4306
4335
4381
4375
4244
4386
4408
4313
4423
4391
4442
4323
4406
4373
4374
4334
4420
4449
4454
4442
4461
4439
4358
4475
4481
4425
4386
4403
4399
4467
4388
4461
4455
4370
4383
4419
4383
4425
4400
4439
4456
4422
4448
4465
4433
4410
4391
4349
4413
4556
4419
4456
4483
4454
4517
4504
4501
4435
4410
4516
4470
4479
4510
4488
4438
4536
4529
4434
4542
4541
4504
4615
4466
4588
4557
4523
4443
4439
4476
4581
4592
4488
4356
4445
4544
4509
4446
4534
4462
4515
4517
4502
4551
4553
4416
4536
4493
4426
4576
4532
4536
4479
4599
4530
4479
4544
4509
4493
4556
4471
4597
4470
4443
4481
4502
4508
4560
4508
4678
4550
4513
4498
4606
4500
4593
4502
4616
4626
4606
4559
4560
4606
4561
4509
4540
4569
4590
4587
4538
4620
4643
4594
4682
4587
4620
4573
4602
4570
4624
4649
4592
4636
4539
4524
4574
4671
4669
4528
4531
4664
4571
4686
4509
4623
4663
4608
4656
4552
4663
4582
4659
4603
4620
4674
4576
4608
4546
4662
4615
4686
4635
4550
4659
4688
4654
4676
4670
4599
4618
4707
4764
4661
4659
4603
4683
4669
4662
4692
4675
4635
4641
4674
4728
4791
4681
4667
4661
4722
4668
4698
4656
4687
4724
4727
4678
4708
4698
4644
4801
4752
4674
4772
4714
4692
4631
4756
4769
4724
4774
4715
4803
4854
4694
4789
4787
4743
4783
4816
4705
4673
4774
4722
4728
4807
4709
4825
4694
4726
4763
4694
4663
4831
4796
4804
4732
4842
4792
4761
4798
4772
4822
4817
4726
4743
4809
4824
4835
4794
4803
4814
4774
4770
4765
4721
4759
4811
4793
4746
4728
4837
4745
4825
4774
4829
4783
4729
4829
4819
4751
4899
4912
4887
4836
4784
4836
4819
4900
4810
4919
4844
4790
4869
4858
4837
4873
4874
4831
4810
4913
4895
4855
4794
4817
4895
4823
4910
4934
4870
4844
4946
4936
4893
4936
4886
4946
4913
4849
4840
4926
4831
4931
4889
4979
4936
4820
4867
4802
4872
4906
4991
