9112
9121
9115
9144
9127
9188
9113
9149
9066
9161
9035
9116
9116
8956
9049
9080
9122
8966
9034
9045
8997
9117
9098
9076
9094
9026
9065
9172
9111
9012
9077
9043
9078
9036
9061
9064
9000
9049
8910
9002
8967
9156
8990
9107
9060
9071
9125
9079
9039
8953
9003
9100
9111
9119
9074
9162
9127
9017
9079
9041
9134
9027
9168
9130
9025
9192
9080
9007
9100
9076
9221
9053
9070
9030
9071
9001
9066
9160
9049
9131
9231
9142
9186
9073
9070
9090
9284
9051
8772
9180
9231
9192
9102
9020
9063
9056
9176
9132
9245
9179
9185
9102
9220
9075
9168
9179
9161
9112
9223
9181
9206
9133
9157
9279
9221
9117
9292
9192
9158
9279
9075
9206
9229
9218
9178
9117
9255
9191
9137
9239
9170
9344
9228
9247
9263
9241
9282
9175
9158
9291
9389
9167
9259
9339
9128
9190
9342
9294
9269
9319
9192
9213
9261
9238
9372
9225
9297
9211
9349
9190
9224
9285
9212
9180
9303
9324
9177
9233
9292
9309
9230
9272
9216
9277
9227
9384
9400
9362
9272
9276
9330
9257
9361
9288
9290
9344
9291
9352
9333
9285
9358
9352
9275
9296
9350
9274
9381
9367
9316
9361
9357
9404
9307
9344
9371
9361
9261
9308
9385
9251
9340
9414
9289
9412
9418
9369
9323
9312
9342
9386
9385
9364
9465
9280
9425
9405
9387
9507
9362
9469
9462
9296
9264
9477
9415
9433
9335
9393
9501
9529
9358
9307
9285
9486
9424
9385
9383
9440
9387
9488
9443
9476
9371
9392
9380
9400
9422
9461
9422
9476
9461
9444
9523
9374
9477
9484
9423
9523
9344
9534
9459
9403
9445
9501
9548
9554
9485
9528
9383
9431
9467
9548
9488
9627
9458
9544
9552
9580
9562
9540
9480
9437
9429
9415
9486
9573
9505
9513
9531
9572
9486
9653
9482
9581
9548
9573
9539
9601
9607
9581
9595
9512
9388
9533
9603
9542
9485
9501
9594
9564
9649
9512
9534
9630
9580
9592
9552
9533
9538
9586
9627
9514
9576
9579
9533
9433
9623
9536
9667
9539
9470
9628
9724
9524
9718
9637
9543
9666
9650
9686
9615
9686
9578
9639
9641
9610
9557
9588
9558
9617
9662
9714
9851
9643
9567
9635
9714
9684
9658
9693
9559
9756
9669
9723
9742
9815
9585
9807
9643
9649
9821
9791
9739
9693
9748
9736
9697
9726
9657
9714
9796
9627
9748
9839
9653
9661
9759
9664
9715
9768
9672
9729
9792
9650
9837
9675
9754
9677
9702
9650
9857
9744
9765
9725
9826
9772
9786
9726
9796
9873
9842
9840
9790
9800
9856
9792
9709
9808
9784
9808
9838
9808
9728
9825
9795
9873
9772
9711
9830
9712
9844
9838
9868
9768
9802
9794
9820
9691
9838
9852
9876
9892
9767
9817
9877
9845
9882
9960
9908
9874
9848
9926
9888
9888
9844
9882
9878
10013
9916
9862
9831
9895
9901
9920
9934
10071
9915
9903
9938
9945
9928
10036
9891
9862
9902
9987
9915
10046
9822
9992
10023
10061
10056
9868
9972
9800
9969
10013
10043
