4045
4096
4039
4141
4092
4133
4078
4092
4159
4153
4097
4123
4197
4144
4181
4219
4206
4231
4254
4239
4244
4228
4247
4244
4244
4245
4217
4324
4261
4235
4303
4284
4341
4310
4306
4310
4276
4253
4252
4276
4262
4370
4297
4346
4350
4321
4314
4305
4225
4353
4379
4379
4362
4341
4379
4406
4375
4402
4448
4321
4500
4377
4427
4399
4361
4453
4491
4382
4372
4505
4400
4359
4416
4396
4403
4371
4485
4471
4398
4474
4537
4438
4446
4433
4443
4511
4591
4450
4397
4493
4573
4510
4435
4354
4452
4470
4525
4459
4564
4488
4599
4464
4555
4451
4570
4557
4534
4466
4533
4589
4563
4502
4505
4546
4510
4533
4621
4515
4482
4567
4522
4573
4598
4587
4612
4504
4595
4452
4607
4622
4573
4681
4530
4614
4619
4558
4601
4611
4562
4708
4694
4577
4591
4702
4498
4613
4691
4643
4662
4674
4501
4578
4619
4603
4655
4624
4617
4608
4688
4606
4613
4647
4607
4627
4610
4669
4630
4612
4645
4671
4614
4642
4607
4639
4538
4744
4676
4740
4619
4714
4702
4601
4684
4691
4648
4676
4648
4624
4628
4679
4742
4683
4612
4678
4689
4650
4749
4672
4708
4691
4708
4752
4705
4758
4741
4652
4560
4638
4725
4692
4738
4686
4714
4787
4753
4754
4688
4672
4679
4767
4755
4732
4761
4696
4791
4757
4710
4756
4763
4806
4845
4716
4835
4800
4738
4778
4693
4767
4780
4836
4719
4641
4696
4855
4798
4746
4734
4740
4781
4777
4779
4856
4775
4702
4774
4731
4709
4802
4743
4702
4780
4827
4755
4748
4827
4827
4752
4837
4754
4893
4800
4741
4752
4783
4792
4874
4787
4898
4793
4806
4754
4842
4784
4924
4769
4815
4917
4922
4851
4773
4866
4803
4794
4783
4784
4926
4878
4801
4873
4882
4767
4894
4820
4949
4883
4865
4898
4886
4915
4883
4926
4830
4727
4868
4896
4903
4765
4805
4922
4906
4929
4844
4872
4972
4926
4902
4825
4915
4884
4929
4844
4926
4913
4863
4877
4862
4885
4880
4915
4886
4817
4926
4984
4874
4978
4966
4935
4900
4966
5040
4873
4954
4845
4872
4933
4932
4951
4888
4907
4923
4936
4984
5113
4959
4939
4933
4987
4947
5009
4897
4854
4961
4951
4981
5001
5058
4925
5065
4951
4979
5057
4994
4998
4967
5010
5022
4960
5055
4900
5127
5054
4945
4969
5057
5001
5021
5027
4948
4914
5026
5005
4985
5060
4981
5088
4964
4991
5003
4992
4951
5089
5020
5093
5050
5067
5036
5044
5036
5057
5082
5128
5024
5016
5052
5088
5093
5025
5085
4991
5051
5013
5072
4948
5054
5040
5031
5035
4956
5104
4962
5083
5125
5102
5050
4990
5052
5090
4989
5098
5087
5120
5104
5020
5096
5089
5114
5098
5190
5113
5137
5109
5161
5079
5099
5070
5100
5121
5169
5107
5105
5072
5063
5180
5091
5092
5249
5113
5156
5201
5193
5172
5171
5107
5160
5182
5171
5120
5214
5132
5213
5170
5284
5180
5108
5120
5072
5155
5178
5229
