4987
5013
5011
5007
4959
4992
5001
5040
5115
5049
5055
4931
5025
4950
4977
5002
4978
5001
5018
4885
4984
5028
4954
5019
4982
4949
5003
5012
4982
4976
4934
4989
4939
5026
5004
5012
4970
4987
4998
5093
5052
5041
5029
5042
4963
5019
5022
5041
5117
5018
4987
5083
4982
5008
5020
4925
5074
4983
4966
5022
5038
5006
5007
5065
5075
5131
5056
5032
5041
5068
4977
5041
4993
5022
5003
4986
5081
5074
5060
5022
5059
5050
5166
5104
5058
5065
5112
5021
5086
5062
5090
5084
5053
5063
5024
5064
5066
5089
5109
5049
5114
5168
5150
5069
5126
5082
5059
5093
5064
5065
5113
5132
5136
5135
5152
5107
5097
5111
5099
5149
5118
5078
5090
5139
5119
5077
5137
5145
5034
4987
5061
5093
5102
5102
5102
5089
5151
5145
5114
5173
5072
5141
5099
5143
5119
5190
5138
5116
5097
5129
5020
5105
5241
5116
5139
5038
5128
5093
5134
5093
5075
5182
5110
5096
5174
5188
5143
5166
5152
5148
5093
5077
5167
5197
5092
5095
5119
5069
5114
5118
5134
5101
5137
5121
5216
5151
5143
5135
5160
5091
5197
5140
5211
5185
5097
5081
5147
5148
5166
5116
5125
5204
5118
5169
5163
5187
5140
5195
5268
5105
5225
5190
5189
5148
5066
5194
5138
5176
5150
5219
5234
5146
5207
5151
5141
5198
5189
5156
5136
5062
5167
5052
5228
5174
5234
5133
5284
5195
5174
5181
5320
5162
5187
5157
5225
5165
5159
5184
5228
5195
5146
5220
5137
5157
5230
5197
5162
5328
5191
5231
5200
5131
5153
5174
5266
5241
5167
5164
5227
5182
5173
5147
5151
5184
2121
5176
5161
5258
5252
5210
5184
5196
5275
5195
5168
5250
5174
5209
5283
5217
5169
5261
5204
5220
5213
5315
5276
5211
5243
5157
5212
5265
5287
5199
5146
5238
5212
5296
5167
5193
5220
5240
5253
5220
5179
5222
5149
5203
5135
5127
5212
5230
5251
5222
5262
5200
5227
5208
5265
5147
5254
5249
5247
5131
5302
5278
5199
5232
5193
5270
5226
5308
5259
5210
5219
5237
5322
5285
5292
5229
5210
5241
5173
5308
5277
5227
5333
5275
5230
5178
5327
5233
5235
5189
5211
5247
5252
5246
5246
5274
5332
5282
5214
5230
5381
5333
5260
5274
5373
5261
5327
5267
5286
5264
5299
5317
5236
5227
5239
5241
5218
5208
5298
5308
5289
5202
5221
5304
5284
5295
5266
5308
5304
5250
5307
5245
5220
5367
5287
5285
5252
5296
5315
5278
5310
5340
5296
5360
5281
5293
5286
5399
5208
5265
5316
5353
5323
5296
5336
5263
5269
5334
5303
5322
5239
5325
5326
5323
5402
5277
5249
5269
5318
5242
5337
5307
5343
5326
5323
5291
5298
5303
5347
5374
5307
5259
5347
5408
5304
5267
5267
5277
5205
5331
5280
5392
5342
5311
5342
5334
5330
5279
5287
5301
5346
5335
5328
5354
5381
5332
5291
5375
5410
5414
5329
5218
5327
5320
5298
5318
5374
5284
5334
5322
5324
5395
5348
5374
5323
5406
