4450
4507
4433
4540
4472
4503
4508
4496
4538
4484
4618
4524
4593
4500
4646
4593
4560
4503
4547
4485
4560
4614
4608
4627
4612
4577
4664
4674
4559
4672
4573
4647
4662
4656
4651
4693
4638
4667
4586
4760
4691
4711
4718
4728
4681
4748
4712
4846
4794
4760
4779
4768
4686
4753
4723
4781
4817
4802
4791
4721
4791
4833
4798
4846
4817
4853
4878
4740
4827
4924
4845
4840
4845
4794
4880
4833
4881
4885
4944
4933
4912
4926
4986
4963
4877
4866
4836
4839
4884
4911
4975
4881
4905
4949
4854
4950
4855
4907
4915
4871
4893
4973
5007
4877
4956
4921
4929
4885
4930
4906
5019
4942
5024
4935
5057
5046
4949
5027
5006
4968
5031
4925
4984
5077
4952
5076
5071
5026
4862
4903
4900
4944
5031
5006
4966
4928
5032
4979
4933
4980
4960
5051
5067
5125
5015
5121
5016
5014
5012
5051
4990
5049
5145
4960
4998
5014
5090
5012
5068
5030
5047
5091
5006
5052
5103
5147
5038
5016
5006
5049
5015
4942
5096
5131
5033
5027
5075
5010
5058
5007
5094
5104
5045
5097
5097
5080
5008
5071
5107
5044
5176
5073
5113
5148
4993
5000
5125
5057
5100
5081
5112
5112
5055
5148
5118
5140
5115
5092
5181
5112
5156
5115
5100
5135
4999
5127
5200
5130
5089
5254
5145
5171
5152
5177
5128
5199
5199
5059
5141
5118
5178
5098
5160
5199
5160
5111
5207
5195
5149
5113
5278
5173
5135
5130
5215
5119
5144
5195
5233
5260
5142
5160
5143
5133
5179
5193
5110
5297
5145
5263
5196
5093
5036
5143
5264
5228
5177
5095
5260
5153
5093
5134
5130
5189
2324
5225
5150
5245
5194
5180
5216
5156
5215
5218
5135
5251
5250
5181
5251
5310
5124
5236
5208
5259
5232
5276
5290
5205
5204
5186
5194
5242
5227
5177
5251
5280
5247
5310
5210
5260
5188
5207
5291
5213
5204
5264
5215
5251
5233
5168
5216
5273
5276
5179
5243
5237
5269
5234
5274
5212
5334
5254
5223
5186
5327
5295
5219
5248
5325
5302
5203
5264
5331
5201
5250
5270
5420
5330
5302
5296
5217
5283
5173
5371
5264
5264
5322
5337
5247
5277
5348
5268
5315
5147
5169
5268
5280
5288
5369
5251
5399
5288
5290
5242
5367
5305
5310
5323
5386
5300
5364
5280
5361
5378
5358
5307
5223
5327
5231
5308
5289
5275
5325
5294
5342
5291
5283
5402
5309
5346
5365
5361
5360
5357
5379
5324
5302
5421
5329
5388
5326
5363
5377
5399
5328
5417
5297
5373
5346
5347
5304
5483
5280
5321
5391
5405
5354
5367
5384
5348
5423
5500
5452
5392
5316
5428
5366
5412
5458
5462
5369
5296
5412
5385
5393
5382
5425
5516
5383
5311
5397
5374
5510
5503
5422
5310
5484
5472
5434
5392
5323
5363
5276
5356
5369
5519
5465
5330
5476
5401
5403
5442
5367
5401
5529
5467
5450
5488
5401
5476
5367
5436
5546
5492
5387
5332
5450
5467
5380
5452
5483
5437
5395
5360
5442
5400
5556
5468
5412
5535
