17686
16863
16448
16382
16273
16402
16359
16319
16293
16314
16364
16231
16247
16362
16445
16354
16296
16315
16185
16182
16265
16317
16269
16260
16260
16328
16348
16325
16348
16426
16222
16385
16412
16246
16314
16251
16322
16338
16409
16298
16392
16383
16343
16242
16347
16309
16218
16164
16501
16205
16406
16474
16400
16374
16273
16354
16416
16480
16369
16381
16366
16468
16278
16481
16330
16499
16441
16452
16492
16457
16423
16639
16459
16472
16599
16405
16422
16360
16505
16581
16461
16542
16600
16590
16448
16542
16415
16301
16493
16482
16553
16523
16459
16597
16520
16533
16577
16428
16629
16584
16557
16560
16463
16257
16490
16602
16467
16531
16502
16708
16521
16655
16665
16472
16644
16505
16689
16616
16592
16632
16657
16486
16660
16685
16658
16727
16688
16747
16619
16572
16674
16557
16649
16695
16671
16560
16603
16866
16672
16697
16666
16707
16737
16838
16673
16629
16582
16629
16595
16783
16622
16585
16647
16554
16601
16723
16718
16767
16678
16705
16696
16765
16671
16722
16823
16882
16652
16816
16692
16744
16676
16842
16669
16735
16750
16774
16728
16814
16763
16789
16686
16781
16883
16836
16923
16694
16626
16886
16729
16834
16880
16813
16632
16947
16818
16855
16826
16965
16830
16895
16865
16926
16847
16806
16780
16814
16781
16962
16994
16667
16823
16796
16860
16882
16686
16894
16797
16756
16983
16976
17038
16848
16951
16840
16732
17000
16883
16720
16952
16996
17058
16855
16919
17032
16893
16711
16873
16982
16955
16903
16905
16971
16853
16939
16985
16899
16850
16864
16974
17196
16826
16859
17123
16971
17043
17034
16905
16881
16847
16959
16745
16884
16891
16873
16874
17132
16922
17030
17004
17032
16970
17068
16996
16912
15460
16972
16919
17068
17153
17042
16937
16925
17126
16994
16894
16981
17100
17038
17034
17089
16894
17005
17010
17000
17100
17104
17081
16983
17094
17159
17050
17099
17090
17101
17060
16988
17087
17251
17065
17024
17093
17123
17225
17178
17088
17095
17109
17167
17023
17127
17278
17210
17207
17110
17210
17141
17160
17115
17108
17102
17143
17195
17171
17263
17342
17144
17080
17145
17229
17275
17279
17128
17190
17126
17192
17175
17148
17222
17268
17251
17120
17183
17210
17141
17255
17117
17177
17355
17177
17193
17288
17260
17379
17142
17196
17172
17234
17321
17141
17272
17329
17162
17307
17366
17329
17404
17207
17237
17333
17278
17283
17253
17268
17386
17296
17326
17308
17385
17207
17315
17370
17220
17455
17347
17395
17425
17360
17342
17561
17370
17431
17373
17213
17355
17303
17186
17303
17460
17458
17282
17332
17470
17426
17361
17255
17466
17273
17520
17382
17557
17407
17409
17457
17499
17476
17501
17459
17413
17589
17281
17393
17398
17430
17700
17478
17539
17477
17427
17675
17618
17534
17392
17574
17536
17556
17503
17440
17502
17486
17481
17664
17630
17651
17450
17459
17616
17611
17640
17576
17441
17551
17601
17531
17511
17524
17619
17571
17635
17728
17597
17514
17617
17631
17500
17698
17526
17594
17626
17572
17651
17637
17664
17749
17658
17756
17746
17590
17566
17605
17859
17726
17627
17607
17736
17567
17739
17813
17777
17702
17616
