19874
23445
24513
24809
24698
24799
24620
24666
24723
24595
24732
24721
24767
24724
24933
24690
24448
24499
24688
24557
24569
24665
24550
24592
24593
24656
24698
24718
24660
24636
24384
24609
24733
24574
24659
24666
24811
24574
24694
24728
24596
24864
24758
24740
24532
24765
24732
24719
24673
24806
24671
24606
24746
24708
24914
24893
24728
24849
24857
24736
24990
24813
24726
24861
24798
24817
24917
24904
24916
24829
24836
24901
24779
24801
25015
24835
24750
24897
25010
24852
24888
25151
24994
25030
24967
24918
24943
24870
24839
24914
25034
24897
24873
24948
24954
25003
25022
24987
25023
24930
24930
25190
25046
24591
24804
24997
24863
24956
25095
25129
25033
25121
25142
25186
25157
25115
25192
25145
25265
25131
25141
24952
25116
25234
25239
25319
25223
25277
25169
25175
25194
25135
25031
25288
25176
25120
25262
25352
25222
25391
25268
25290
25437
25377
25160
25341
25319
25259
25250
25424
25335
25341
25266
25303
25403
25275
25299
25310
25306
25320
25196
25314
25334
25420
25395
25502
25249
25369
25418
25096
25315
25316
25309
25314
25278
25507
25468
25317
25395
25470
25303
25469
25429
25403
25490
25351
25422
25291
25398
25460
25536
25619
25426
25592
25495
25360
25497
25474
25407
25439
25550
25561
25512
25381
25263
25547
25511
25630
25512
25380
25472
25443
25643
25466
25491
25638
25556
25441
25431
25589
25643
25556
25518
25494
25392
25524
25553
25512
25531
25496
25645
25617
25627
25599
25618
25550
25532
25719
25728
25593
25607
25442
25667
25606
25556
25578
25605
25516
25653
25666
25592
25628
25579
25610
25649
25628
25605
25604
25543
25675
25534
25706
25641
25603
25598
25823
25705
25721
25863
25780
25763
25684
25528
25685
24101
25094
25765
25937
25733
25770
25838
25653
25778
25862
25737
25697
25915
25898
25687
25705
25484
25859
25825
25665
25763
25820
25888
25801
25880
25785
25836
25842
25834
25815
25777
25789
25858
26123
25818
25838
25914
25976
25947
25937
25824
25793
25782
25970
25725
26014
25992
25797
25891
25724
25917
25894
25942
26059
25943
25786
25837
25946
25977
25910
25875
25983
25876
26051
25936
25956
25817
25975
25932
25868
26118
26016
26045
26013
26059
25938
25990
25869
25949
26035
26028
26105
26066
26114
26065
26002
26200
26018
26247
25913
25815
26062
26022
25976
25989
26050
26109
26228
26131
26090
26131
26160
26114
26113
26129
26215
26057
26075
26155
26297
26276
25956
26160
26074
26033
26032
26089
26059
26155
26259
26304
26118
26098
26195
26123
26066
26314
26115
26189
26257
26112
26201
26215
26233
26309
26139
26140
26242
26313
26164
26149
26248
26226
26397
26242
26308
26240
26261
26279
26176
26420
26348
26178
26098
26307
26101
26425
26344
26464
26502
26242
26510
26428
26327
26476
26604
26483
26273
26479
26377
26347
26483
26325
26408
26381
26408
26366
26547
26488
26372
26315
26489
26429
26585
26375
26450
26434
26511
26395
26399
26472
26599
26411
26314
26413
26385
26410
26407
26475
26537
26502
26459
26507
26616
26479
26617
26471
26493
26506
26579
26582
26537
26463
26379
26564
26549
26718
26542
26298
26584
26636
26614
26530
26537
26614
26594
