2545
2373
2375
2390
2361
2409
2429
2421
2428
2398
2426
2369
2412
2381
2433
2445
2401
2408
2388
2368
2434
2427
2456
2509
2419
2436
2466
2515
2456
2463
2455
2461
2453
2499
2486
2494
2464
2501
2470
2498
2474
2494
2523
2472
2574
2554
2445
2528
2577
2507
2530
2550
2547
2486
2522
2565
2567
2560
2516
2518
2559
2588
2516
2581
2573
2594
2568
2573
2543
2588
2584
2575
2566
2560
2584
2528
2610
2575
2598
2580
2569
2559
2641
2634
2600
2581
2633
2606
2624
2623
2621
2584
2643
2646
2625
2664
2643
2616
2619
2590
2633
2673
2591
2594
2612
2631
2573
2643
2640
2598
2663
2589
2669
2641
2695
2683
2633
2682
2652
2683
2683
2628
2656
2685
2658
2685
2661
2708
2602
2665
2679
2688
2628
2654
2679
2631
2678
2724
2639
2738
2675
2683
2721
2747
2674
2739
2686
2700
2666
2745
2633
2675
2697
2653
2654
2680
2727
2693
2694
2733
2726
2733
2742
2694
2724
2736
2708
2683
2691
2713
2722
2651
2764
2715
2747
2674
2753
2750
2724
2694
2701
2716
2698
2743
2741
2727
2720
2727
2772
2688
2744
2733
2695
2742
2707
2658
2734
2766
2730
2691
2787
2750
2690
2752
2772
2694
2718
2784
2755
2754
2724
2774
2722
2719
2733
2716
2739
2738
2709
2846
2760
2711
2746
2822
2733
2810
2820
2762
2749
2785
2770
2705
2774
2734
2743
2737
2802
2765
2807
2722
2867
2734
2832
2760
2746
2761
2744
2748
2799
2826
2756
2790
2800
2777
2797
2763
2715
2806
2765
2800
2793
2769
2709
2724
2815
2838
2761
2804
2850
2791
2726
2811
2739
2747
1168
2805
2803
2803
2807
2822
2750
2773
2843
2813
2788
2775
2805
2826
2823
2821
2802
2869
2846
2778
2827
2798
2836
2851
2758
2800
2812
2853
2881
2794
2785
2849
2802
2866
2836
2800
2806
2830
2856
2833
2831
2852
2830
2793
2807
2771
2812
2871
2816
2810
2817
2783
2883
2805
2785
2822
2811
2846
2869
2817
2836
2870
2797
2788
2883
2843
2838
2888
2867
2819
2858
2819
2874
2858
2904
2835
2771
2841
2808
2881
2809
2865
2877
2902
2831
2883
2853
2860
2821
2811
2783
2793
2810
2847
2846
2851
2838
2816
2805
2861
2894
2833
2859
2886
2877
2918
2883
2826
2908
2848
2898
2867
2857
2920
2849
2901
2830
2799
2881
2877
2869
2892
2838
2907
2842
2899
2908
2912
2867
2887
2895
2851
2849
2884
2955
2929
2894
2859
2891
2920
2912
2920
2852
2918
2843
2859
2877
2939
2869
2871
2886
2928
2911
2870
2886
2854
2880
2962
2914
2878
2885
2953
2962
2924
2954
2895
2924
2884
2900
2853
2925
2898
2904
2915
2900
2874
2927
2896
2974
2975
2898
2862
2970
2963
2956
2904
2907
2946
2899
2896
2933
2980
2920
2867
2908
2934
2878
2937
2907
2913
2958
2955
2953
2976
2925
2966
2862
2922
3027
2927
2918
2876
2943
2965
2927
2956
2937
2930
2921
2942
2906
2958
2970
2930
2976
2964
