2548
2416
2390
2377
2321
2375
2361
2357
2413
2359
2419
2369
2389
2441
2446
2420
2396
2374
2424
2348
2413
2436
2382
2446
2430
2426
2437
2460
2416
2450
2404
2407
2432
2451
2465
2484
2457
2475
2457
2507
2451
2519
2506
2547
2538
2511
2486
2520
2551
2515
2574
2556
2502
2502
2518
2535
2552
2558
2530
2510
2547
2535
2501
2553
2505
2623
2531
2516
2540
2590
2507
2601
2564
2557
2534
2524
2565
2567
2569
2627
2511
2582
2703
2595
2606
2587
2603
2559
2619
2584
2655
2587
2586
2637
2600
2631
2613
2563
2585
2605
2582
2635
2625
2557
2594
2663
2576
2657
2622
2595
2656
2670
2692
2609
2647
2659
2683
2695
2641
2666
2710
2654
2627
2711
2633
2626
2689
2654
2613
2650
2624
2662
2654
2632
2642
2624
2633
2654
2620
2685
2675
2658
2694
2723
2647
2677
2675
2673
2639
2693
2695
2676
2740
2653
2688
2644
2727
2687
2672
2670
2684
2722
2654
2665
2721
2739
2693
2661
2704
2695
2680
2652
2727
2726
2707
2668
2758
2703
2698
2655
2758
2694
2701
2676
2734
2760
2691
2695
2724
2689
2746
2744
2715
2760
2668
2678
2719
2702
2707
2677
2758
2728
2690
2775
2740
2680
2723
2744
2747
2718
2769
2740
2720
2734
2737
2713
2718
2718
2663
2789
2776
2669
2774
2739
2728
2782
2752
2716
2695
2772
2762
2697
2749
2787
2749
2712
2802
2744
2807
2706
2785
2760
2770
2750
2736
2698
2699
2767
2777
2805
2790
2771
2758
2761
2725
2772
2744
2806
2754
2804
2744
2765
2721
2789
2801
2811
2705
2725
2804
2721
2709
2713
2732
2765
1178
2753
2757
2774
2835
2807
2782
2727
2834
2805
2755
2780
2804
2787
2787
2791
2732
2798
2777
2781
2733
2813
2849
2802
2762
2785
2748
2838
2851
2825
2765
2787
2772
2857
2804
2810
2828
2825
2837
2840
2760
2840
2744
2794
2771
2779
2827
2847
2827
2761
2818
2707
2850
2801
2806
2816
2802
2841
2820
2787
2840
2858
2797
2756
2858
2836
2783
2851
2828
2786
2801
2764
2877
2841
2868
2788
2761
2808
2792
2864
2760
2849
2879
2844
2829
2832
2852
2782
2808
2813
2735
2780
2793
2873
2858
2811
2871
2799
2844
2826
2892
2866
2818
2909
2872
2846
2842
2818
2895
2871
2835
2870
2817
2842
2818
2821
2771
2794
2865
2856
2831
2800
2819
2877
2872
2847
2884
2866
2830
2836
2813
2918
2843
2862
2882
2874
2837
2834
2890
2884
2896
2848
2784
2888
2786
2879
2854
2912
2797
2857
2851
2946
2868
2834
2896
2846
2837
2933
2937
2870
2857
2870
2854
2890
2941
2870
2851
2814
2860
2802
2858
2871
2861
2850
2865
2839
2917
2884
2928
2908
2856
2828
2935
2925
2896
2919
2835
2855
2830
2867
2873
2920
2901
2828
2895
2892
2912
2887
2850
2840
2964
2897
2899
2908
2882
2934
2889
2936
3032
2895
2856
2880
2908
2854
2865
2926
2895
2905
2852
2876
2854
2954
2918
2881
2903
2927
