9045
8848
8841
8815
8832
8890
8864
8868
8841
8855
8764
8895
8799
8737
8945
8880
8839
8722
8838
8832
8793
8926
8849
8870
8759
8906
8828
8836
8774
8753
8909
8861
8907
8866
8883
8690
8768
8751
8653
8741
8797
8873
8862
8891
8855
8961
8798
8812
8841
8749
8899
8849
8821
8938
8928
8921
8875
8859
8863
8886
9005
8782
9024
8837
8926
8921
8872
8835
8894
8877
8984
8849
8896
8938
8898
8891
8866
8922
8919
8851
8879
8856
8974
8843
8828
8985
8998
8790
8670
9049
8938
8999
8879
8696
8948
8896
9000
8977
9000
9039
8928
9027
9069
8936
8873
8854
8958
8956
9136
9023
9145
8867
8989
9111
9069
9036
9109
8998
8957
9100
8840
9093
9094
8975
9027
8902
9044
8997
8994
9020
9111
9227
8953
9096
9131
9165
9160
9012
9054
9172
9168
9097
9104
9146
8968
9047
9142
9158
9093
9164
8972
9002
9057
9060
9126
9240
9060
9121
9078
9028
9062
9183
9036
8993
9192
9243
9054
9138
9087
9159
9092
9087
9004
9118
9072
9270
9221
9268
9289
9150
9129
9069
9197
9121
9100
9103
9131
9194
9176
8989
9234
9156
9006
9090
9141
9147
9158
9242
9254
9226
9256
9236
9126
9118
9211
9168
9164
9102
9311
9079
9159
9156
9183
9159
9200
9201
9232
9114
9216
9264
9127
9271
9359
9259
9306
9275
9247
9253
9304
9209
9323
9167
9256
9239
9336
9210
9239
9202
9295
9264
9234
9114
9177
9330
9264
9272
9296
9244
9332
9309
9393
9373
9274
9324
9265
9235
9243
9266
9238
9197
9269
9366
9301
9208
9366
9268
9324
9374
9190
9419
9245
9211
9301
9338
9321
9325
9298
9304
9173
9255
9239
9447
9208
9426
9321
9404
9372
9413
9365
9310
9344
9349
9467
9212
9334
9477
9343
9402
9398
9389
9367
9449
9360
9319
9496
9315
9394
9418
9453
9432
9423
9380
9202
9341
9531
9395
9394
9392
9557
9369
9473
9362
9474
9453
9444
9469
9303
9364
9416
9411
9463
9350
9466
9396
9340
9359
9496
9510
9518
9384
9299
9425
9554
9478
9538
9452
9380
9399
9506
9662
9539
9550
9458
9398
9480
9509
9438
9566
9458
9484
9561
9656
9721
9477
9388
9477
9513
9627
9469
9528
9502
9547
9567
9646
9450
9631
9462
9664
9519
9535
9619
9582
9508
9626
9543
9566
9735
9582
9529
9621
9702
9506
9649
9636
9549
9595
9624
9595
9535
9611
9601
9518
9654
9629
9759
9569
9636
9640
9500
9538
9678
9721
9644
9662
9741
9722
9664
9662
9637
9708
9629
9727
9681
9736
9743
9678
9682
9660
9755
9724
9741
9693
9674
9592
9781
9760
9608
9651
9744
9670
9743
9792
9664
9719
9536
9773
9846
9540
9707
9733
9847
9801
9595
9749
9681
9725
9845
9932
9823
9788
9714
9809
9785
9904
9748
9872
9728
9852
9857
9815
9729
9724
9913
9719
9865
9950
9763
9900
9809
9908
9908
10002
9857
9828
9883
9798
9850
9924
9798
9910
9922
10005
9900
9785
9900
9821
9909
10011
9949
