4200
4185
4115
4160
4129
4209
4166
4136
4324
4322
4196
4145
4262
4184
4387
4366
4199
4305
4348
4291
4267
4353
4312
4254
4304
4371
4362
4366
4309
4281
4439
4408
4460
4371
4326
4349
4328
4304
4266
4362
4342
4393
4339
4408
4387
4495
4380
4395
4369
4387
4472
4429
4456
4492
4531
4518
4457
4481
4488
4397
4520
4390
4588
4499
4501
4522
4542
4446
4556
4553
4599
4444
4535
4594
4616
4545
4490
4607
4531
4446
4427
4512
4592
4471
4466
4636
4692
4533
4454
4671
4598
4653
4522
4462
4552
4548
4648
4583
4634
4621
4551
4614
4637
4654
4533
4541
4614
4586
4713
4676
4728
4623
4650
4706
4648
4661
4729
4556
4605
4686
4597
4746
4733
4699
4707
4609
4701
4669
4717
4680
4700
4808
4593
4826
4651
4795
4777
4713
4677
4833
4782
4696
4717
4822
4643
4767
4834
4826
4790
4803
4600
4641
4692
4724
4806
4880
4752
4747
4767
4730
4704
4836
4695
4682
4849
4811
4707
4824
4730
4760
4802
4731
4701
4771
4706
4881
4846
4931
4858
4814
4843
4685
4826
4834
4745
4776
4781
4867
4846
4727
4874
4848
4687
4803
4794
4785
4861
4897
4887
4875
4894
4963
4791
4811
4901
4776
4749
4707
4960
4838
4795
4822
4821
4869
4861
4860
4787
4818
4897
4869
4821
4966
5032
4906
4996
4939
4896
4809
4998
4888
5043
4863
4968
4961
4990
4873
4895
4866
4939
4979
4881
4783
4867
4982
4908
4872
4942
4880
4953
4911
5043
5038
4993
4897
4931
4907
4907
4978
4925
4910
4891
5021
4981
4909
4972
4961
4889
5059
4912
5068
4885
4919
4914
4957
4950
4954
4942
4969
4862
4933
4853
5053
4858
5070
5004
5054
5033
5011
5000
4957
5069
4980
5097
4933
4931
5100
5011
4995
5141
4999
4993
5127
4982
4976
5049
5009
5065
5080
5089
5008
5145
4971
4907
5040
5119
5054
5022
4945
5136
5025
5147
5028
5044
5170
5025
5101
4980
5052
5041
5079
5013
4944
5091
5009
4992
5021
5161
5150
5049
5036
5008
5076
5177
5161
5114
5091
5008
5067
5173
5236
5067
5135
5070
5063
5165
5120
5137
5100
5077
5162
5143
5190
5273
5112
5026
5051
5130
5210
5111
5093
5101
5143
5163
5217
5115
5228
5158
5287
5132
5146
5205
5225
5135
5163
5134
5222
5248
5197
5235
5282
5293
5092
5279
5260
5157
5214
5230
5178
5113
5245
5230
5100
5221
5184
5247
5138
5205
5251
5154
5126
5226
5252
5205
5272
5355
5312
5254
5289
5227
5311
5261
5224
5243
5261
5340
5310
5280
5191
5283
5208
5279
5244
5244
5246
5304
5268
5178
5215
5275
5299
5264
5325
5268
5250
5168
5399
5408
5160
5307
5382
5371
5348
5130
5329
5236
5315
5331
5438
5283
5335
5299
5267
5375
5406
5286
5359
5273
5395
5356
5417
5338
5253
5467
5290
5371
5367
5327
5408
5356
5374
5408
5543
5367
5422
5467
5381
5325
5390
5361
5465
5493
5541
5365
5360
5396
5342
5402
5411
5510
