7357
7177
7157
7054
7121
7154
7163
7168
7125
7111
7064
7165
7068
7039
7130
7065
7105
7024
7140
7030
7150
7144
7155
6999
7129
7095
7132
7145
7104
7122
7173
7075
7176
7101
7086
7052
7046
7122
6961
7091
7106
7211
7045
7187
7101
7145
7118
7088
7109
7001
7128
7141
7043
7133
7156
7161
7209
7057
7091
7065
7202
7090
7166
7122
7081
7170
7115
7083
7146
7088
7266
7093
7114
7119
7178
7137
7136
7137
7056
7112
7196
7126
7260
7058
7150
7105
7244
7047
6871
7201
7212
7231
7198
7052
7244
7141
7162
7190
7239
7265
7245
7192
7373
7149
7203
7159
7218
7266
7281
7189
7256
7109
7236
7313
7312
7176
7334
7108
7135
7303
7067
7202
7228
7218
7256
7124
7233
7206
7208
7312
7254
7412
7233
7328
7227
7331
7294
7227
7245
7394
7452
7271
7277
7314
7176
7386
7407
7329
7302
7392
7191
7221
7257
7291
7378
7245
7290
7296
7315
7284
7254
7361
7286
7257
7425
7356
7277
7299
7323
7370
7244
7323
7328
7348
7230
7398
7475
7449
7390
7350
7275
7281
7381
7369
7305
7345
7270
7280
7313
7267
7448
7388
7241
7336
7331
7330
7369
7377
7310
7336
7366
7421
7376
7380
7417
7323
7355
7316
7435
7326
7373
7323
7328
7368
7358
7432
7342
7350
7391
7443
7392
7434
7459
7402
7492
7425
7424
7469
7407
7451
7482
7395
7362
7472
7489
7499
7446
7439
7544
7530
7433
7315
7334
7525
7421
7424
7483
7432
7427
7476
7444
7509
7390
7431
7406
7443
7434
7476
7370
7433
7406
7546
7498
7404
7416
7452
7429
7535
7325
7633
7413
7417
7485
7482
7558
7528
7423
7455
7441
7443
7469
7528
7507
7641
7534
7511
7547
7580
7530
7503
7555
7496
7436
7398
7515
7583
7604
7551
7612
7587
7507
7598
7579
7542
7571
7532
7559
7544
7617
7563
7535
7483
7410
7520
7645
7514
7476
7479
7585
7568
7725
7501
7653
7612
7584
7642
7545
7582
7567
7640
7585
7539
7659
7574
7525
7462
7615
7573
7728
7558
7458
7635
7734
7480
7699
7592
7543
7602
7715
7715
7600
7619
7628
7644
7654
7574
7571
7714
7669
7657
7712
7735
7810
7622
7642
7727
7682
7738
7612
7693
7658
7764
7728
7781
7649
7811
7611
7791
7763
7658
7792
7811
7762
7763
7807
7727
7808
7764
7681
7715
7840
7695
7825
7890
7684
7756
7778
7731
7759
7780
7656
7723
7816
7675
7862
7677
7765
7714
7663
7695
7854
7797
7905
7703
7780
7813
7809
7778
7835
7886
7833
7790
7788
7746
7905
7729
7773
7757
7756
7884
7828
7822
7818
7870
7778
7850
7764
7814
7877
7815
7832
7838
7803
7790
7714
7838
7832
7732
7884
7901
7932
7947
7753
7893
7822
7884
7875
7977
7991
7919
7811
7922
7938
7970
7822
7955
7943
8010
7950
7929
7924
7870
7971
7848
7969
8180
7965
7966
7895
8017
8001
8108
7924
7860
7936
8029
8017
8039
7902
8081
8094
8131
8072
7956
7951
7885
7989
8070
8029
