3708
3764
3696
3746
3721
3797
3799
3771
3826
3828
3836
3853
3825
3808
3818
3818
3850
3815
3915
3865
3889
3924
3913
3868
3927
3879
3940
3937
3872
3926
3990
3933
4040
3910
3893
3936
3914
3893
3812
3946
3909
4003
3960
3998
3966
3996
3959
3972
4006
3973
4034
4049
3962
4055
4087
3992
4055
3992
4047
3976
4122
4029
4094
4025
3946
4114
4102
4029
4040
4070
4081
4034
4128
4037
4112
4000
4111
4095
3986
4091
4130
4070
4141
4088
4047
4093
4259
4062
3968
4207
4170
4183
4142
4084
4182
4063
4157
4121
4178
4256
4150
4224
4215
4094
4200
4121
4135
4219
4127
4151
4243
4142
4196
4228
4204
4162
4274
4100
4098
4230
4125
4201
4233
4178
4250
4081
4173
4153
4235
4226
4219
4358
4225
4299
4251
4225
4241
4206
4230
4314
4411
4286
4220
4320
4175
4318
4349
4308
4294
4371
4191
4196
4235
4281
4361
4266
4257
4308
4305
4226
4227
4280
4271
4214
4332
4295
4251
4312
4321
4355
4283
4306
4283
4279
4233
4352
4406
4371
4369
4363
4368
4258
4371
4359
4305
4332
4307
4328
4335
4285
4377
4353
4281
4271
4330
4335
4383
4372
4352
4333
4300
4379
4371
4356
4391
4349
4327
4311
4363
4331
4281
4357
4332
4405
4413
4425
4360
4364
4342
4410
4385
4407
4369
4360
4467
4411
4422
4359
4408
4415
4535
4418
4418
4487
4419
4411
4395
4461
4475
4439
4435
4311
4337
4485
4405
4430
4423
4380
4324
4410
4438
4443
4441
4438
4458
4400
4371
4515
4401
4425
4434
4487
4444
4390
4514
4392
4423
4490
4357
4548
4457
4383
4467
4468
4556
4452
4414
4498
4443
4503
4460
4518
4443
4556
4458
4494
4573
4554
4542
4487
4589
4485
4410
4457
4503
4535
4515
4530
4583
4526
4460
4580
4544
4568
4522
4571
4534
4577
4619
4530
4523
4404
4401
4513
4557
4531
4476
4435
4575
4514
4659
4458
4581
4556
4537
4634
4514
4559
4574
4586
4518
4516
4544
4518
4515
4483
4590
4604
4577
4516
4499
4606
4630
4530
4571
4595
4535
4552
4607
4693
4579
4576
4568
4579
4653
4558
4573
4572
4586
4625
4583
4668
4730
4624
4594
4650
4597
4648
4636
4611
4561
4628
4636
4673
4606
4727
4597
4691
4555
4523
4698
4678
4676
4627
4721
4686
4711
4717
4593
4697
4774
4667
4690
4751
4680
4694
4694
4690
4612
4680
4641
4683
4723
4584
4744
4638
4681
4650
4687
4578
4730
4656
4729
4701
4763
4732
4685
4696
4722
4788
4680
4696
4653
4690
4782
4750
4654
4708
4662
4716
4736
4715
4712
4674
4676
4757
4697
4666
4731
4716
4772
4729
4754
4694
4698
4743
4745
4663
4760
4787
4819
4751
4682
4830
4708
4780
4762
4824
4750
4795
4716
4787
4780
4871
4791
4803
4778
4808
4824
4810
4768
4759
4854
4811
4824
4901
4815
4812
4818
4880
4851
4935
4829
4767
4819
4870
4860
4892
4802
4892
4911
4944
4892
4862
4859
4760
4844
4882
4879
