9279
9250
9215
9396
9238
9298
9375
9300
9194
9190
9357
9251
9205
9202
9283
9235
9239
9068
9217
9180
9188
9164
9199
9234
9256
9208
9250
9288
9149
9231
9155
9195
9220
9205
9277
9220
9190
9316
9200
9282
9260
9213
9271
9192
9213
9262
9108
9255
9332
9232
9294
9278
9207
9201
9186
9287
9343
9241
9239
9247
9245
9247
9305
9280
9246
9314
9267
9202
9339
9329
9274
9353
9254
9252
9356
9190
9239
9323
9263
9320
9296
9352
9353
9300
9286
9291
9237
9214
9340
9270
9408
9247
9364
9446
9306
9395
9332
9339
9328
9327
9420
9372
9395
9253
9352
9374
9294
9406
9318
9293
9386
9402
9479
9380
9453
9430
9394
9407
9456
9439
9454
9319
9363
9455
9401
9396
9501
9505
9329
9313
9363
9443
9268
9423
9379
9333
9383
9407
9393
9418
9404
9343
9507
9489
9475
9431
9425
9356
9383
9453
9346
9448
9542
9374
9449
9409
9445
9421
9422
9419
9357
9481
9490
9419
9415
9508
9493
9470
9408
9474
9341
9359
9490
9464
9418
9482
9454
9457
9506
9437
9412
9517
9446
9467
9513
9408
9457
9452
9505
9408
9503
9497
9533
9514
9447
9414
9460
9543
9365
9480
9445
9528
9367
9532
9511
9437
9441
9521
9500
9399
9453
9549
9516
9478
9403
9507
9452
9457
9507
9569
9533
9420
9522
9509
9454
9673
9467
9465
9453
9550
9552
9429
9503
9571
9542
9469
9626
9539
9538
9487
9613
9558
9487
9534
9577
9473
9583
9618
9620
9574
9537
9580
9607
9562
9556
9580
9546
9624
9530
9618
9492
9579
9546
9515
9590
9598
9479
9435
9628
9590
9451
9486
9494
9567
7018
9538
9609
9638
9594
9578
9596
9567
9651
9595
9510
9605
9632
9588
9663
9612
9558
9610
9554
9580
9626
9592
9730
9621
9585
9612
9616
9654
9719
9611
9638
9647
9595
9684
9619
9602
9629
9614
9717
9648
9656
9750
9552
9588
9480
9586
9608
9600
9631
9560
9563
9635
9679
9663
9641
9556
9651
9672
9661
9597
9647
9706
9673
9584
9640
9685
9729
9596
9708
9580
9672
9666
9672
9701
9740
9650
9599
9652
9576
9719
9665
9730
9780
9736
9643
9735
9728
9719
9714
9682
9595
9578
9665
9692
9731
9666
9750
9660
9655
9650
9704
9656
9682
9731
9759
9721
9778
9651
9746
9762
9752
9697
9733
9700
9563
9719
9666
9664
9742
9705
9680
9704
9759
9756
9788
9683
9791
9755
9712
9638
9700
9746
9663
9760
9716
9756
9690
9732
9794
9762
9702
9832
9658
9821
9713
9793
9783
9922
9688
9784
9806
9802
9711
9706
9736
9712
9813
9766
9871
9771
9795
9827
9843
9815
10006
9855
9785
9764
9772
9716
9749
9807
9792
9859
9884
9768
9851
9786
9994
9834
9694
9824
9919
9934
9874
9791
9696
9800
9773
9864
9865
9931
9858
9781
9951
9831
9794
9897
9754
9762
9859
9843
9775
9942
9791
9829
9720
9904
9953
9978
9821
9737
9975
9823
9778
9901
9905
9900
9708
9819
9852
9929
9893
9877
9916
9900
