3715
3681
3633
3646
3600
3616
3703
3688
3660
3705
3798
3707
3716
3687
3713
3709
3673
3686
3762
3666
3700
3749
3744
3836
3741
3758
3842
3862
3726
3812
3789
3844
3751
3791
3839
3835
3818
3846
3780
3869
3809
3879
3850
3896
3875
3889
3827
3932
3985
3901
3937
3997
3865
3874
3817
3877
4030
3940
3995
3885
3965
3979
3868
3992
3937
3963
3972
3904
3944
4042
3988
4031
3996
3970
4003
3904
3985
4085
3998
3985
4011
4043
4163
4058
4032
4032
4047
3964
4077
3964
4055
3992
4060
4096
4063
4093
4016
4064
4072
4027
4096
4073
4161
4054
4103
4080
4031
4153
4050
4046
4128
4070
4185
4096
4134
4156
4145
4131
4132
4165
4170
4077
4105
4220
4121
4128
4170
4201
4091
4095
4123
4165
4069
4157
4079
4117
4133
4138
4078
4151
4132
4113
4128
4191
4165
4183
4179
4100
4145
4159
4101
4111
4289
4132
4137
4191
4234
4135
4156
4128
4165
4225
4215
4213
4199
4315
4224
4148
4151
4228
4191
4090
4296
4231
4208
4196
4216
4140
4226
4137
4247
4187
4209
4266
4178
4247
4193
4218
4243
4168
4249
4158
4286
4240
4237
4214
4247
4256
4166
4154
4199
4220
4229
4284
4298
4201
4242
4212
4265
4203
4293
4292
4269
4264
4234
4259
4274
4267
4224
4362
4288
4243
4273
4280
4256
4373
4256
4179
4261
4303
4254
4185
4250
4320
4344
4247
4298
4328
4329
4246
4339
4268
4253
4271
4234
4260
4279
4332
4351
4310
4275
4305
4284
4335
4278
4342
4312
4401
4331
4390
4273
4328
4269
4287
4403
4361
4216
4272
4451
4368
4203
4213
4308
4298
1894
4438
4316
4376
4364
4357
4303
4302
4367
4281
4285
4334
4394
4328
4410
4417
4280
4350
4331
4386
4396
4361
4474
4381
4300
4355
4304
4376
4411
4348
4317
4373
4348
4437
4413
4417
4348
4374
4391
4421
4318
4416
4332
4353
4297
4373
4349
4372
4403
4339
4329
4400
4410
4366
4371
4399
4458
4400
4419
4273
4427
4441
4327
4376
4408
4445
4431
4437
4468
4342
4402
4354
4456
4414
4549
4407
4377
4433
4313
4510
4397
4394
4439
4424
4354
4421
4455
4424
4383
4423
4366
4391
4420
4438
4478
4404
4485
4368
4365
4451
4500
4378
4462
4461
4490
4471
4444
4451
4508
4462
4479
4504
4399
4454
4393
4492
4337
4374
4441
4455
4523
4406
4488
4511
4517
4412
4469
4450
4451
4452
4463
4510
4417
4526
4482
4488
4420
4484
4494
4507
4457
4499
4376
4545
4384
4470
4490
4588
4426
4462
4519
4594
4492
4446
4466
4424
4500
4519
4555
4539
4483
4592
4492
4537
4635
4557
4546
4433
4526
4511
4486
4462
4555
4557
4569
4506
4524
4481
4588
4565
4505
4487
4561
4656
4553
4547
4488
4533
4457
4505
4550
4659
4627
4517
4612
4560
4554
4553
4477
4531
4593
4611
4519
4653
4505
4566
4556
4570
4689
4570
4506
4482
4607
4557
4552
4659
4539
4564
4521
4592
4524
4602
4606
4556
4597
4592
