10912
10981
10922
11063
10898
10981
10960
10989
10905
10882
10888
10876
10987
10819
11018
10938
10892
10793
10930
10792
10721
10893
10768
10903
10920
10894
10915
10890
10902
10769
10814
10903
10761
10899
10853
10932
10946
10937
10822
11026
10941
10926
11004
10919
10901
10924
10932
10980
11007
11016
10952
11005
10932
10915
10872
10965
11136
10994
10975
10922
10879
10997
10957
11033
10936
11009
10955
11009
11073
11116
10880
11022
11027
10920
10903
10964
10981
10995
10994
10944
10981
11125
11229
11104
11111
11086
11083
10929
11158
11111
11103
10937
11090
11117
11140
11038
11084
11053
11073
10986
11185
11150
11090
11070
11062
11063
11000
11074
11002
10873
11042
11098
11227
11116
11123
11235
11171
11232
11074
11149
11186
11044
11191
11135
11161
11013
11274
11321
10976
11107
11097
11158
11151
11176
11118
11208
11333
11174
11160
11211
11162
11036
11180
11365
11239
11232
11183
11113
11100
11137
11157
11185
11327
11124
11184
11181
11169
11114
11302
11220
11175
11259
11179
11147
11193
11162
11283
11200
11127
11207
11073
11099
11293
11161
11241
11186
11207
11195
11184
11109
11213
11216
11238
11242
11238
11213
11145
11191
11228
11081
11180
11310
11306
11206
11177
11147
11203
11189
11222
11198
11257
11350
11140
11389
11118
11188
11180
11217
11275
11074
11099
11340
11274
11188
11224
11191
11272
11201
11261
11485
11247
11163
11286
11366
11133
11476
11306
11237
11240
11324
11285
11219
11278
11371
11324
11203
11340
11420
11149
11247
11274
11249
11327
11380
11291
11237
11325
11287
11391
11269
11290
11252
11346
11295
11223
11264
11287
11455
11439
11328
11205
11368
11231
11242
11384
11375
11224
11226
11408
11303
11145
11131
11177
11309
8505
11373
11364
11276
11392
11378
11291
11332
11356
11307
11231
11322
11369
11344
11346
11298
11260
11380
11311
11334
11327
11249
11414
11370
11262
11345
11301
11479
11503
11291
11243
11317
11369
11407
11301
11268
11298
11490
11433
11492
11427
11499
11295
11371
11209
11261
11380
11451
11295
11342
11351
11252
11414
11399
11402
11177
11348
11441
11526
11309
11435
11445
11356
11412
11363
11417
11449
11425
11313
11339
11416
11343
11335
11516
11467
11535
11344
11441
11333
11522
11461
11431
11480
11545
11253
11374
11531
11508
11475
11395
11345
11324
11282
11484
11469
11429
11498
11438
11363
11454
11376
11366
11288
11542
11608
11457
11456
11351
11440
11533
11458
11368
11453
11420
11417
11438
11349
11421
11431
11430
11449
11418
11455
11500
11538
11496
11515
11450
11324
11369
11490
11446
11377
11480
11495
11506
11494
11505
11533
11449
11468
11575
11460
11564
11474
11489
11582
11603
11495
11575
11478
11580
11525
11502
11506
11456
11639
11484
11700
11494
11461
11556
11579
11639
11691
11540
11511
11553
11540
11413
11550
11594
11578
11549
11561
11595
11571
11483
11675
11554
11583
11621
11681
11691
11688
11501
11577
11518
11492
11634
11676
11739
11614
11498
11594
11511
11535
11649
11585
11576
11725
11594
11589
11738
11652
11665
11583
11549
11726
11639
11574
11485
11750
11593
11484
11658
11666
11542
11496
11623
11532
11672
11714
11705
11607
11573
