4276
4174
4158
4195
4181
4170
4213
4260
4205
4185
4205
4236
4274
4242
4267
4277
4204
4233
4277
4206
4178
4358
4189
4324
4329
4262
4363
4311
4381
4308
4286
4327
4192
4288
4379
4400
4411
4463
4369
4513
4341
4439
4476
4419
4366
4456
4367
4468
4555
4484
4508
4481
4394
4382
4422
4552
4607
4544
4546
4482
4434
4555
4496
4527
4418
4595
4512
4544
4568
4638
4457
4508
4552
4452
4521
4495
4572
4593
4552
4608
4615
4638
4747
4680
4634
4617
4632
4438
4674
4655
4660
4602
4593
4640
4747
4526
4595
4619
4658
4569
4760
4740
4704
4677
4693
4576
4617
4582
4625
4543
4638
4645
4775
4740
4734
4741
4658
4774
4579
4795
4782
4728
4669
4762
4829
4602
4768
4807
4544
4695
4669
4748
4688
4707
4724
4827
4889
4798
4725
4809
4712
4651
4788
4889
4728
4870
4788
4701
4721
4644
4703
4725
4922
4727
4759
4701
4805
4654
4850
4730
4718
4823
4712
4737
4808
4861
4889
4755
4759
4849
4782
4687
4908
4750
4783
4749
4809
4810
4744
4695
4840
4762
4779
4789
4838
4816
4729
4771
4823
4650
4762
4902
4907
4793
4772
4735
4754
4758
4864
4748
4881
4813
4790
4986
4737
4832
4827
4847
4927
4702
4770
4818
4906
4845
4809
4848
4837
4837
4915
5007
4818
4796
4909
4993
4803
5019
4936
4796
4845
4919
4917
4764
4871
4944
4977
4767
4944
4947
4872
4748
4957
4882
4968
4878
4875
4802
4916
4869
5003
4881
4911
4849
4882
4897
4855
4906
4846
5106
4961
4973
4799
4941
4856
4810
5020
4960
4800
4880
4995
4839
4876
4772
4779
4925
2185
4967
4934
4935
4960
5005
4920
4951
4984
4906
4832
4884
4908
4998
5008
4981
4805
4969
4934
4891
4891
4918
5066
4929
4847
4943
4976
5007
5020
4889
4849
4937
4940
5002
4911
4899
4968
5051
5020
5071
5020
5034
4895
4932
4921
4896
4919
5049
4881
4926
5002
4931
5002
5013
4942
4831
4943
5050
5129
4906
5013
5129
4983
5032
4980
5017
5121
5076
4993
4985
5020
4894
4997
5056
5127
5066
4904
5010
4995
5131
5019
5021
5018
5100
4916
4907
5012
5031
5045
5012
4997
4965
4898
5099
5096
5076
5097
5086
4961
5079
5048
5043
5020
5047
5171
5020
5025
4968
5059
5092
5029
5044
5017
4928
4986
5098
4988
5050
5058
5007
5047
4999
5052
5092
5132
5010
4996
5101
4969
5011
5108
5095
4998
5062
5045
5117
5035
5066
5059
5087
5131
5146
5011
5140
5066
5055
5157
5149
5011
5131
5078
5234
5083
5067
5088
5081
5159
5128
5225
5081
5060
5166
5180
5173
5199
5122
5093
5013
5116
5118
5158
5135
5166
5123
5120
5044
5110
5091
5169
5163
5175
5156
5309
5226
5213
5182
5193
5158
5078
5241
5185
5312
5279
5118
5144
5200
5219
5227
5147
5183
5257
5166
5176
5296
5200
5221
5177
5154
5291
5222
5087
5081
5370
5256
5102
5299
5226
5150
5065
5244
5085
5225
5278
5286
5179
5237
