12502
12774
12742
12861
12747
12812
12704
12745
12713
12667
12826
12766
12713
12686
12754
12800
12642
12674
12599
12680
12599
12626
12639
12711
12765
12766
12733
12688
12692
12554
12584
12727
12790
12620
12698
12793
12778
12644
12757
12717
12743
12836
12804
12677
12698
12762
12794
12666
12772
12754
12730
12760
12731
12728
12714
12760
12732
12778
12773
12679
12785
12792
12622
12757
12816
12837
12800
12843
12787
12779
12788
12852
12834
12857
12928
12736
12847
12795
12770
12822
12840
12904
12890
12847
12837
12902
12874
12680
12840
12946
12944
12873
12749
12857
12875
12946
12935
12886
12896
12895
12743
12964
12779
12768
12827
12820
12901
12875
12927
12890
12811
12924
12942
12911
12946
12862
12951
12991
12894
12959
12989
12874
12955
13093
12892
13048
12984
13033
12858
12937
12836
12925
12862
13057
12912
12867
12954
13043
12977
13016
12979
12942
12991
13134
13043
13048
13063
12967
13013
13053
12944
13084
12949
13005
12987
12991
13048
13007
13021
13017
12976
12975
13100
12990
12958
13021
13008
13064
13001
13040
13008
13002
12975
12960
13134
12966
13074
12961
13147
13060
13054
13152
13013
13069
13139
13104
12923
12962
13092
13047
13070
13227
13008
13097
13089
13124
13070
13088
13068
13030
13080
13128
13028
13044
13086
13164
13065
13077
13189
12917
13231
13075
13084
13113
13105
13071
13070
13064
13106
13037
13168
13048
13190
13121
13138
13133
13139
13093
13052
13107
13194
13134
13126
13238
13060
13161
13237
13158
13207
13118
13179
13077
13107
13101
13229
13130
13172
13185
13204
13135
13046
13216
13167
13255
13245
13178
13223
13086
13236
13261
13114
13160
13153
13115
13147
13281
13155
13090
13222
13236
13139
13122
13150
13175
11494
13141
13208
13227
13211
13253
13182
13194
13267
13278
13203
13124
13240
13142
13261
13220
13132
13263
13174
13237
13147
13226
13376
13389
13314
13276
13167
13263
13370
13188
13244
13310
13256
13373
13138
13221
13214
13250
13359
13395
13272
13301
13210
13271
13117
13254
13242
13310
13251
13218
13272
13279
13277
13347
13304
13177
13197
13269
13372
13222
13278
13224
13255
13377
13380
13247
13335
13236
13323
13270
13275
13368
13290
13462
13377
13342
13238
13359
13335
13382
13375
13410
13424
13413
13286
13376
13433
13450
13382
13318
13337
13299
13253
13401
13376
13291
13394
13408
13357
13308
13380
13284
13364
13334
13437
13365
13322
13327
13414
13421
13323
13416
13417
13361
13396
13334
13378
13405
13456
13471
13410
13517
13299
13490
13370
13423
13416
13443
13378
13390
13389
13462
13357
13428
13533
13455
13490
13362
13468
13426
13375
13463
13394
13553
13441
13446
13443
13499
13415
13398
13473
13461
13467
13370
13401
13432
13567
13617
13589
13608
13438
13609
13571
13472
13587
13442
13550
13380
13549
13463
13546
13565
13453
13594
13507
13526
13625
13486
13524
13448
13368
13511
13619
13542
13522
13454
13465
13548
13436
13511
13600
13648
13530
13542
13590
13567
13527
13551
13572
13635
13617
13528
13516
13683
13525
13585
13481
13588
13533
13717
13507
13518
13585
13426
13547
13675
13653
13595
13477
13627
13666
13608
13661
13587
13580
13547
