9152
9135
8994
9190
9070
8964
9039
8958
9003
8934
9049
8985
8996
8986
9041
9023
8976
8936
8921
8923
8963
8997
8944
8941
8956
8999
8997
9019
8949
8940
8876
8965
9035
8969
9108
8978
9027
9131
8904
9094
9049
9048
9059
8949
8990
9065
8972
9008
9074
9058
9052
9008
9011
8957
9002
9006
9097
9050
9106
9053
9031
9068
9029
9118
9076
9150
9063
8985
9161
9170
9081
9111
8988
9060
9104
8959
9043
9084
9028
9115
9011
9172
9103
9178
9108
9067
9060
8998
9155
9163
9118
9091
9111
9226
9181
9119
9175
9071
9197
9025
9177
9138
9071
9105
9065
9241
8981
9174
9055
9064
9131
9193
9212
9078
9206
9188
9305
9186
9225
9217
9263
9062
9252
9262
9189
9109
9211
9207
9098
9119
9232
9126
9108
9181
9180
9137
9180
9258
9184
9305
9199
9046
9288
9311
9256
9225
9197
9176
9149
9307
9166
9152
9228
9136
9233
9164
9278
9222
9223
9265
9180
9226
9212
9160
9296
9301
9262
9247
9279
9203
9127
9138
9282
9249
9164
9264
9257
9223
9280
9279
9235
9403
9301
9174
9286
9258
9259
9271
9318
9170
9354
9369
9223
9380
9282
9226
9374
9276
9188
9342
9273
9349
9223
9257
9215
9299
9228
9430
9421
9208
9333
9374
9293
9321
9218
9326
9276
9228
9434
9491
9411
9316
9307
9307
9254
9383
9311
9352
9343
9321
9408
9339
9414
9462
9410
9239
9351
9460
9400
9315
9282
9324
9320
9357
9362
9331
9275
9370
9424
9426
9321
9496
9364
9400
9382
9415
9379
9387
9307
9451
9390
9389
9328
9395
9340
9533
9276
9339
9416
9431
9381
9376
9284
9390
7653
9387
9362
9363
9530
9423
9425
9287
9400
9426
9400
9455
9422
9411
9396
9459
9317
9464
9343
9401
9422
9419
9459
9417
9309
9391
9455
9351
9603
9456
9427
9529
9486
9460
9433
9411
9527
9445
9514
9491
9455
9513
9516
9521
9279
9433
9489
9521
9472
9455
9334
9435
9566
9510
9444
9423
9551
9539
9523
9502
9506
9558
9466
9406
9480
9567
9474
9548
9477
9489
9654
9426
9577
9582
9560
9494
9395
9495
9434
9486
9582
9482
9558
9637
9592
9514
9526
9579
9598
9520
9378
9576
9555
9503
9534
9527
9701
9526
9551
9523
9569
9525
9554
9567
9587
9628
9611
9489
9625
9657
9577
9581
9602
9545
9493
9546
9531
9643
9695
9538
9686
9583
9600
9654
9661
9609
9720
9653
9555
9598
9568
9581
9628
9698
9658
9637
9631
9625
9748
9629
9623
9657
9555
9661
9654
9625
9681
9790
9691
9629
9726
9737
9604
9611
9648
9599
9665
9695
9728
9801
9651
9746
9757
9781
9890
9724
9682
9592
9782
9685
9751
9680
9644
9621
9659
9694
9798
9747
9829
9677
9656
9757
9766
9839
9819
9682
9609
9696
9736
9742
9747
9844
9778
9786
9802
9745
9763
9790
9748
9671
9785
9714
9718
9865
9732
9784
9749
9801
9962
9834
9818
9805
9821
9796
9779
9865
9800
9900
9707
9771
9750
9892
9865
9850
9857
9763
