2534
2540
2534
2564
2541
2551
2583
2579
2620
2544
2590
2533
2570
2566
2620
2583
2604
2560
2592
2529
2617
2619
2597
2668
2641
2599
2623
2702
2640
2623
2645
2631
2645
2650
2658
2653
2669
2658
2659
2677
2661
2677
2701
2664
2704
2710
2629
2679
2745
2678
2685
2754
2687
2646
2678
2746
2768
2701
2763
2669
2775
2759
2661
2741
2740
2768
2727
2730
2755
2793
2745
2773
2758
2745
2751
2697
2793
2765
2784
2773
2745
2766
2836
2814
2790
2782
2795
2763
2771
2814
2809
2728
2828
2779
2784
2836
2796
2792
2778
2783
2828
2845
2789
2795
2787
2809
2775
2833
2788
2759
2851
2793
2883
2820
2875
2837
2838
2878
2820
2858
2875
2818
2848
2886
2834
2824
2870
2873
2811
2856
2847
2892
2836
2835
2859
2809
2870
2874
2806
2885
2848
2883
2892
2902
2856
2894
2896
2858
2874
2917
2837
2883
2920
2841
2832
2873
2880
2898
2875
2902
2869
2924
2920
2866
2923
2948
2906
2835
2904
2908
2856
2898
2920
2865
2938
2845
2941
2930
2915
2891
2904
2904
2924
2894
2960
2895
2876
2857
2972
2872
2938
2957
2881
2985
2862
2863
2917
2921
2909
2885
2943
2905
2917
2925
2913
2886
2921
2985
2954
2950
2902
2964
2915
2944
2916
2924
2939
2949
2941
2994
2928
2929
2930
2994
2917
2965
2962
2910
2931
2976
2949
2903
2948
2927
2913
2925
3005
2994
2982
2883
3046
2929
3024
2962
2922
2974
2960
2945
3010
3035
2940
2974
2955
2965
2983
2956
2924
2986
2986
2970
2966
2996
2908
2927
2987
2967
2911
2945
3030
2918
2943
2994
2918
2956
1241
3001
2967
2992
3014
2996
2988
2962
3024
2965
2985
3000
2999
2987
3028
3027
2960
3032
3024
3007
3002
2971
3047
3007
2956
3001
2972
3070
3080
3001
2965
3023
2987
3057
2996
2996
2988
3044
3035
3051
2989
3020
3040
2977
3003
3005
2996
3042
2974
2985
2981
2986
3085
3014
2986
2985
3023
3065
3090
3015
3016
3081
3027
2973
3052
3043
3061
3043
3078
2997
3064
3001
3075
3059
3151
3023
2965
3026
2971
3061
3009
3021
3070
3078
3045
3045
3024
3037
2998
3021
2963
2998
3021
3022
3038
3015
3067
3026
2979
3053
3099
3035
3037
3045
3036
3112
3054
3041
3082
3077
3060
3070
3053
3079
3066
3069
3012
3003
3059
3013
3062
3030
3023
3089
3062
3053
3089
3109
3076
3062
3076
3060
3029
3065
3145
3115
3068
3035
3086
3114
3113
3095
3046
3122
3003
3059
3054
3146
3043
3072
3058
3103
3104
3042
3052
3013
3100
3177
3123
3105
3092
3152
3118
3153
3154
3098
3094
3103
3094
3060
3116
3074
3085
3121
3072
3048
3122
3098
3111
3144
3070
3045
3144
3146
3120
3076
3078
3128
3084
3113
3116
3164
3090
3081
3098
3108
3085
3133
3070
3084
3176
3108
3122
3204
3143
3135
3064
3132
3234
3130
3080
3095
3144
3155
3119
3155
3154
3107
3117
3109
3153
3175
3158
3130
3165
3103
