2582
2574
2592
2649
2580
2602
2573
2674
2630
2644
2667
2667
2647
2597
2669
2669
2615
2577
2703
2605
2675
2659
2709
2686
2692
2647
2691
2722
2732
2644
2594
2666
2693
2698
2673
2734
2707
2730
2764
2737
2722
2765
2745
2738
2785
2710
2727
2777
2824
2743
2787
2794
2793
2741
2744
2779
2821
2773
2800
2748
2829
2756
2708
2812
2815
2834
2793
2781
2786
2857
2809
2837
2829
2762
2757
2819
2767
2800
2848
2806
2826
2831
2944
2864
2846
2843
2899
2742
2848
2838
2821
2855
2883
2882
2871
2890
2874
2856
2854
2859
2900
2896
2888
2839
2833
2859
2853
2942
2819
2892
2860
2912
2990
2878
2918
2950
2917
2934
2883
2917
2963
2852
2918
2958
2916
2870
2939
2982
2873
2893
2911
2917
2872
2881
2909
2875
2901
2963
2901
2999
2892
2934
2978
3016
2885
2959
2925
2916
2891
2984
2882
2904
2989
2941
2920
2875
2981
2926
2943
2958
2968
2941
2958
2938
2932
2986
2997
2982
2948
2928
2979
2906
3017
2984
2984
2962
2970
2987
2945
2966
2973
3015
2977
2968
3041
3003
2978
2952
2984
2967
3008
3029
2992
3021
2966
2934
3053
2989
2974
2967
3021
2982
2915
3010
2954
2959
2975
3016
3053
2962
3003
2986
2974
3034
3000
2993
3025
2952
2939
3065
3055
2960
3036
3034
2993
3090
3044
2966
3012
3020
3037
2894
2974
3022
3051
2991
3093
2999
3100
3021
3121
3046
3034
3023
3030
2967
3020
3010
3080
3074
2995
3076
3042
3047
3041
3067
3024
3115
3023
3098
3028
3038
3000
3006
3080
3052
2974
2994
3092
3006
2967
3005
2962
3053
1323
3042
3005
3030
3036
3061
3066
3039
3105
3056
3061
3007
3092
3068
3055
3093
3001
3081
3020
3080
3076
3087
3149
3057
3021
3044
3009
3103
3150
3056
3088
3093
3031
3121
3073
3090
3082
3064
3084
3093
3068
3114
3049
3116
3033
3059
3108
3102
3092
3057
3030
3060
3119
3111
3097
3063
3062
3091
3089
3065
3122
3149
3077
3030
3097
3148
3085
3084
3114
3082
3075
3055
3102
3154
3187
3069
2988
3112
3038
3133
3099
3122
3162
3087
3030
3118
3121
3152
3101
3063
3049
3116
3054
3122
3120
3106
3166
3117
3105
3138
3158
3128
3122
3176
3171
3117
3148
3064
3115
3190
3140
3133
3136
3118
3124
3143
3091
3135
3161
3125
3166
3101
3165
3184
3161
3154
3178
3161
3143
3113
3152
3150
3114
3154
3193
3210
3119
3085
3154
3170
3140
3165
3124
3224
3124
3124
3164
3222
3136
3120
3183
3256
3130
3122
3186
3128
3137
3231
3224
3186
3149
3182
3218
3217
3219
3219
3145
3081
3158
3149
3227
3183
3191
3175
3160
3132
3144
3175
3223
3176
3185
3113
3211
3262
3183
3182
3120
3189
3162
3147
3173
3295
3200
3198
3200
3157
3189
3211
3121
3189
3248
3232
3192
3217
3222
3251
3168
3197
3301
3175
3188
3145
3229
3250
3161
3229
3201
3207
3173
3194
3207
3220
3232
3242
3188
3232
