4297
4299
4292
4274
4262
4276
4259
4312
4275
4353
4235
4274
4331
4234
4302
4267
4308
4309
4326
4271
4254
4309
4310
4225
4297
4272
4247
4310
4308
4250
4227
4245
4288
4291
4279
4272
4236
4237
4160
4289
4273
4309
4235
4301
4238
4313
4223
4247
4214
4244
4319
4313
4312
4283
4288
4189
4281
4310
4303
4226
4340
4229
4334
4276
4244
4309
4336
4276
4210
4265
4260
4232
4221
4271
4272
4234
4271
4265
4242
4268
4337
4232
4338
4282
4287
4325
4403
4222
4429
4396
4320
4287
4263
4219
4276
4200
4288
4242
4346
4348
4339
4283
4382
4260
4312
4276
4319
4307
4328
4310
4375
4305
4347
4379
4285
4348
4382
4258
4329
4298
4258
4322
4335
4306
4313
4263
4368
4296
4386
4398
4309
4368
4307
4389
4368
4333
4319
4293
4315
4357
4439
4338
4339
4390
4264
4331
4387
4356
4443
4414
4277
4297
4240
4334
4359
4381
4299
4370
4350
4349
4237
4340
4319
4324
4350
4389
4394
4328
4351
4417
4321
4363
4319
4401
4395
4367
4417
4389
4322
4388
4364
4353
4346
4395
4361
4368
4318
4376
4350
4367
4436
4340
4283
4366
4374
4303
4434
4411
4376
4408
4404
4399
4397
4376
4340
4321
4272
4405
4445
4394
4323
4391
4339
4375
4362
4442
4374
4301
4430
4433
4366
4429
4427
4339
4426
4483
4337
4427
4433
4419
4522
4397
4406
4422
4436
4424
4333
4375
4458
4409
4360
4370
4383
4452
4433
4399
4391
4375
4382
4441
4419
4463
4391
4410
4411
4430
4388
4437
4370
4407
4430
4518
4418
4411
4404
4441
4360
4419
4415
4524
4383
4395
4384
4448
4467
4469
4384
4434
4398
4385
4435
4456
4392
4497
4408
4453
4513
4526
4427
4406
4503
4427
4442
4401
4399
4459
4461
4458
4509
4475
4429
4557
4387
4450
4446
4461
4439
4443
4463
4494
4458
4406
4425
4465
4540
4471
4405
4458
4550
4457
4526
4384
4459
4516
4530
4478
4451
4501
4435
4499
4451
4414
4554
4421
4387
4404
4506
4464
4454
4452
4432
4463
4486
4495
4549
4498
4476
4466
4491
4638
4491
4580
4398
4489
4528
4441
4506
4545
4471
4512
4519
4560
4608
4529
4557
4525
4558
4539
4584
4512
4508
4501
4551
4496
4501
4521
4481
4604
4533
4540
4542
4534
4533
4510
4501
4554
4593
4634
4512
4636
4691
4519
4583
4564
4595
4547
4581
4509
4522
4570
4528
4539
4552
4508
4634
4494
4527
4562
4559
4517
4642
4606
4594
4590
4618
4608
4579
4579
4571
4667
4613
4588
4550
4556
4649
4534
4529
4644
4501
4599
4591
4614
4521
4576
4629
4650
4562
4525
4614
4634
4554
4615
4613
4558
4534
4620
4641
4510
4612
4698
4729
4650
4498
4617
4578
4647
4606
4681
4593
4677
4612
4630
4702
4636
4577
4722
4586
4699
4584
4659
4611
4666
4700
4677
4711
4725
4682
4677
4722
4704
4631
4670
4591
4655
4668
4645
4639
4685
4570
4714
4729
4741
4670
4685
4715
4618
4664
4733
4766
