11342
11368
11284
11266
11281
11272
11274
11272
11192
11273
11243
11285
11242
11202
11163
11228
11138
10950
11190
11193
11151
11276
11309
11196
11246
11203
11168
11250
11143
11152
11151
11205
11211
11195
11203
11057
11112
11243
11070
11152
11183
11173
11086
11155
11230
11230
11166
11158
11229
11171
11207
11222
11151
11212
11235
11218
11217
11170
11191
11191
11229
11159
11200
11158
11193
11258
11250
11182
11205
11233
11275
11318
11208
11243
11227
11143
11281
11234
11239
11261
11285
11235
11278
11202
11231
11218
11350
11208
10618
11303
11260
11309
11277
11161
11238
11185
11216
11230
11279
11247
11285
11316
11307
11227
11264
11234
11293
11315
11361
11258
11286
11153
11268
11369
11301
11286
11297
11268
11282
11407
11232
11269
11376
11284
11277
11274
11287
11247
11327
11372
11305
11398
11324
11313
11341
11326
11406
11351
11327
11415
11392
11307
11335
11383
11315
11311
11344
11340
11321
11447
11246
11363
11345
11300
11374
11344
11358
11326
11305
11261
11329
11385
11309
11324
11339
11375
11341
11298
11414
11278
11392
11484
11335
11327
11380
11473
11441
11501
11470
11447
11443
11340
11395
11418
11443
11408
11370
11408
11480
11385
11335
11468
11400
11441
11465
11492
11404
11509
11396
11466
11404
11367
11438
11385
11422
11451
11409
11436
11434
11445
11374
11415
11372
11428
11319
11408
11440
11365
11467
11462
11438
11516
11519
11422
11467
11533
11473
11390
11389
11416
11523
11453
11505
11511
11478
11486
11426
11386
11502
11556
11490
11401
11503
11589
11517
11395
11467
11489
11435
11439
11466
11517
11459
11490
11486
11490
11526
11496
11446
11488
11464
11483
11454
11491
11492
11486
11471
11566
11457
11589
11486
11445
11491
11543
11530
11526
11533
11507
11389
11469
11557
11568
11535
11584
11529
11554
11555
11565
11583
11640
11565
11467
11544
11472
11495
11573
11574
11669
11544
11562
11630
11597
11554
11599
11642
11565
11578
11602
11575
11598
11577
11571
11465
11632
11603
11581
11579
11568
11604
11546
11687
11595
11641
11621
11566
11583
11601
11542
11573
11636
11587
11597
11610
11536
11537
11544
11610
11664
11714
11531
11529
11658
11636
11537
11603
11745
11511
11592
11686
11685
11664
11675
11639
11609
11650
11587
11613
11606
11591
11632
11621
11701
11823
11591
11623
11646
11655
11695
11658
11609
11616
11695
11652
11705
11698
11742
11746
11754
11719
11700
11721
11657
11743
11711
11697
11711
11753
11754
11612
11571
11766
11618
11746
11697
11647
11661
11666
11745
11698
11786
11672
11650
11748
11709
11735
11764
11736
11714
11691
11699
11729
11779
11828
11716
11782
11826
11795
11751
11741
11798
11784
11815
11752
11845
11811
11756
11698
11759
11776
11762
11834
11776
11781
11782
11771
11788
11690
11804
11833
11761
11803
11870
11813
11846
11775
11879
11779
11743
11785
11811
11812
11703
11777
11874
11864
11809
11847
11879
11955
11850
11860
11880
11851
11880
11878
11818
11855
11793
11882
11803
11846
11862
11866
11806
11907
11950
11906
11852
11860
11936
11921
11949
11903
11821
11914
11883
11880
12046
11880
11957
11918
11946
12032
11873
11954
11864
11910
12021
11957
