2942
2934
2948
3000
2941
2959
2963
2989
2998
3084
2933
2992
2993
2962
2946
2969
3011
3034
3004
3013
3003
3065
3070
3011
3059
3078
3046
3088
3055
3021
3033
3047
3113
3042
3026
3046
3048
3092
2981
3115
3079
3109
3067
3096
3072
3135
3115
3061
3044
3112
3179
3123
3101
3114
3153
3051
3127
3154
3182
3097
3204
3085
3173
3173
3097
3178
3210
3125
3100
3149
3205
3094
3115
3154
3176
3103
3168
3160
3145
3171
3234
3125
3231
3160
3159
3206
3317
3135
3183
3267
3216
3200
3168
3158
3204
3163
3180
3174
3253
3246
3235
3215
3288
3177
3248
3209
3250
3267
3235
3210
3261
3205
3304
3267
3215
3224
3307
3208
3261
3249
3207
3254
3276
3251
3263
3211
3283
3245
3266
3292
3280
3339
3239
3311
3307
3282
3260
3282
3267
3274
3360
3252
3268
3336
3212
3264
3330
3310
3325
3368
3239
3259
3237
3293
3276
3306
3268
3296
3316
3255
3222
3320
3281
3252
3288
3325
3357
3353
3321
3340
3287
3315
3305
3305
3335
3329
3369
3348
3321
3336
3304
3295
3282
3369
3328
3296
3292
3338
3343
3313
3407
3321
3297
3347
3328
3308
3365
3352
3329
3356
3364
3379
3367
3356
3348
3340
3265
3377
3439
3381
3337
3376
3309
3378
3348
3424
3323
3315
3422
3409
3376
3431
3480
3344
3433
3454
3331
3397
3387
3418
3494
3363
3385
3389
3414
3395
3322
3384
3453
3436
3380
3382
3368
3463
3419
3386
3399
3313
3392
3380
3435
3429
3400
3416
3387
3391
3353
3445
3405
3370
3400
3487
3420
3388
3410
3442
3358
3430
3361
3500
3423
3397
3419
3453
3431
3418
3393
3473
3379
3396
3394
3425
3411
3489
3393
3441
3496
3542
3446
3454
3534
3420
3438
3407
3427
3462
3455
3475
3488
3483
3442
3527
3420
3429
3477
3490
3473
3481
3463
3523
3469
3394
3389
3494
3532
3502
3383
3439
3599
3431
3526
3440
3485
3517
3480
3482
3455
3479
3457
3508
3450
3415
3563
3440
3448
3414
3483
3465
3482
3466
3424
3462
3476
3506
3572
3530
3460
3470
3537
3629
3527
3585
3419
3523
3564
3448
3481
3529
3483
3530
3516
3586
3620
3545
3579
3545
3545
3548
3570
3501
3519
3510
3563
3508
3506
3524
3513
3604
3554
3551
3596
3526
3487
3503
3513
3537
3548
3662
3538
3647
3649
3510
3635
3558
3587
3528
3570
3580
3534
3597
3563
3543
3580
3551
3611
3510
3507
3594
3603
3530
3678
3631
3597
3593
3662
3636
3652
3584
3578
3678
3657
3607
3549
3617
3652
3565
3551
3625
3538
3625
3579
3649
3579
3607
3640
3633
3576
3564
3634
3635
3600
3633
3640
3548
3595
3659
3668
3545
3617
3729
3704
3628
3553
3652
3622
3694
3620
3686
3606
3720
3693
3634
3696
3661
3647
3697
3587
3693
3633
3709
3625
3655
3722
3700
3695
3681
3687
3689
3743
3686
3640
3724
3639
3672
3673
3678
3667
3735
3641
3741
3765
3750
3693
3665
3712
3616
3713
3746
3786
