2855
2932
2878
2837
2833
2864
2904
2900
2894
2893
2902
2903
2924
2868
2915
2935
2892
2873
2925
2936
2910
2995
2949
2948
2979
2946
2987
2958
2954
2927
3020
2930
2964
2931
2966
2968
2926
2971
2910
3021
3002
3010
2956
2999
3019
3066
2986
3022
2950
2992
3040
3017
3026
3007
3025
2971
3021
3061
2995
2981
3075
3071
3087
3070
3030
3062
3052
3017
3035
3067
3057
3091
3022
3060
3015
3001
3108
3100
3077
3093
3088
3071
3092
3099
3087
3096
3172
3078
3083
3137
3109
3094
3094
3092
3091
3021
3091
3062
3130
3146
3103
3123
3140
3098
3088
3094
3136
3131
3115
3132
3128
3100
3132
3202
3125
3121
3158
3102
3101
3175
3053
3121
3146
3112
3200
3131
3155
3111
3176
3113
3102
3190
3118
3208
3167
3137
3173
3176
3182
3215
3258
3177
3187
3220
3139
3187
3231
3189
3258
3161
3112
3171
3141
3167
3215
3216
3167
3243
3178
3167
3168
3190
3150
3143
3225
3190
3179
3187
3207
3234
3182
3250
3210
3202
3191
3198
3207
3281
3187
3201
3188
3213
3178
3215
3256
3268
3192
3213
3269
3210
3207
3243
3168
3231
3266
3218
3223
3241
3225
3237
3233
3256
3236
3222
3230
3225
3196
3220
3223
3242
3166
3224
3205
3292
3299
3281
3191
3225
3252
3253
3249
3286
3252
3217
3236
3351
3264
3244
3247
3226
3315
3231
3253
3333
3256
3255
3253
3199
3294
3306
3260
3203
3231
3315
3324
3244
3307
3249
3242
3257
3267
3290
3285
3211
3312
3290
3270
3342
3238
3343
3213
3308
3303
3253
3289
3289
3264
3310
3268
3392
3291
3249
3266
3299
3299
3295
3239
3351
3274
3267
3314
3346
3280
3336
3264
3327
3281
3319
3318
3309
3302
3281
3248
3293
3287
3358
3328
3306
3395
3289
3341
3356
3290
3387
3320
3329
3313
3360
3322
3341
3370
3297
3264
3336
3319
3353
3290
3293
3381
3306
3374
3316
3327
3380
3376
3333
3317
3366
3360
3347
3280
3341
3362
3325
3330
3298
3376
3361
3378
3306
3299
3401
3364
3375
3389
3404
3365
3382
3404
3409
3378
3424
3327
3323
3352
3350
3412
3388
3403
3339
3352
3390
3480
3372
3357
3365
3414
3427
3390
3360
3367
3426
3391
3394
3404
3451
3431
3442
3465
3341
3424
3396
3453
3405
3395
3459
3373
3443
3337
3428
3456
3401
3422
3436
3423
3427
3440
3406
3366
3446
3380
3417
3436
3367
3490
3419
3419
3451
3415
3401
3416
3476
3435
3438
3493
3456
3365
3432
3391
3483
3494
3410
3430
3454
3480
3421
3402
3447
3410
3448
3446
3474
3440
3475
3409
3453
3439
3441
3506
3467
3508
3511
3444
3494
3442
3493
3466
3376
3525
3530
3448
3474
3430
3463
3487
3515
3487
3496
3520
3480
3438
3460
3507
3534
3461
3499
3478
3501
3480
3479
3482
3507
3547
3468
3506
3563
3541
3482
3536
3547
3518
3501
3504
3500
3510
3488
3511
3540
3475
3590
3516
3556
3537
3497
3516
3447
3484
3502
3618
