16499
16726
16613
16772
16592
16655
16677
16565
16520
16777
16538
16679
16692
16508
16568
16547
16494
16380
16556
16577
16482
16633
16574
16526
16559
16502
16475
16526
16549
16506
16466
16494
16542
16555
16529
16469
16441
16602
16307
16424
16459
16556
16528
16590
16568
16571
16562
16477
16515
16480
16639
16553
16503
16523
16505
16584
16653
16587
16535
16560
16732
16402
16627
16539
16535
16647
16519
16520
16498
16632
16771
16680
16604
16575
16608
16591
16628
16602
16541
16575
16722
16671
16674
16625
16687
16664
16760
16591
15665
16742
16558
16695
16727
16624
16743
16649
16632
16607
16749
16645
16621
16771
16834
16677
16729
16616
16720
16653
16668
16725
16686
16683
16746
16829
16735
16842
16827
16632
16661
16804
16649
16724
16850
16715
16707
16740
16769
16701
16761
16853
16910
16983
16760
16815
16769
16922
16736
16846
16904
16813
16931
16697
16788
16937
16661
16801
16847
16774
16889
16862
16779
16809
16856
16792
16908
16828
16943
16862
16889
16814
16914
16890
16900
16865
16883
17010
16822
16860
16913
16900
16792
16898
16875
16894
16866
16915
17086
17028
17017
17142
16798
16828
16929
16965
16901
16959
17013
16997
16991
16943
16940
17012
16884
17050
16991
16965
16961
16994
16993
17046
17082
16969
16945
17064
17087
17013
16864
17012
17110
17043
16924
16960
16982
17019
17070
16980
17098
16933
16993
17096
17054
17193
17127
16998
17090
17116
17050
17187
16964
17112
17125
16987
16164
17165
17102
17147
17117
17089
17185
17288
17123
17092
17120
17158
17189
17065
17160
17134
17190
17223
17146
17213
17104
17258
17131
17154
17130
17129
17178
17135
17272
17271
17174
17122
17154
17129
17221
17304
17055
17271
17227
17137
17215
17249
17433
17320
17222
17256
17103
17186
17189
17363
17181
17325
17237
17333
17251
17262
17327
17211
17311
17308
17271
17171
17326
17374
17292
17282
17401
17445
17393
17444
17346
17380
17392
17285
17380
17395
17459
17412
17317
17419
17280
17328
17358
17378
17408
17353
17372
17213
17577
17359
17431
17401
17440
17363
17311
17439
17404
17519
17545
17360
17521
17284
17278
17323
17339
17506
17502
17389
17381
17348
17520
17417
17584
17450
17484
17394
17494
17617
17511
17376
17525
17590
17436
17476
17325
17579
17464
17478
17533
17593
17676
17552
17436
17566
17666
17610
17554
17539
17604
17626
17656
17599
17449
17670
17537
17694
17592
17638
17721
17599
17631
17595
17686
17575
17681
17716
17566
17608
17775
17526
17792
17745
17765
17641
17859
17740
17739
17807
17556
17680
17790
17612
17792
17635
17755
17652
17691
17582
17851
17772
17815
17646
17861
17757
17774
17749
17790
17785
17771
17917
17793
17848
17881
17809
17725
17920
17818
17801
17907
17834
17817
17789
17862
17835
17817
17792
17849
17858
17862
17975
17930
17838
17771
17987
17962
17751
17840
17929
18017
17939
17874
17902
17821
17886
17955
18122
18055
17990
17940
18028
17935
17961
18013
17983
18064
18071
18084
17896
17965
18050
18001
18118
18064
18160
18122
18109
18051
18186
18104
18237
18056
18049
18134
18175
18023
18286
18112
18239
18163
18186
18282
18105
18253
18064
18168
18222
18134
