3429
3416
3381
3457
3346
3416
3455
3505
3441
3465
3387
3439
3517
3458
3512
3405
3460
3535
3520
3477
3508
3510
3506
3515
3598
3589
3535
3540
3517
3533
3552
3509
3563
3538
3565
3554
3512
3595
3524
3634
3598
3651
3580
3584
3613
3611
3663
3581
3565
3565
3666
3611
3648
3704
3680
3602
3620
3623
3633
3629
3702
3601
3726
3636
3658
3719
3759
3637
3632
3705
3784
3651
3681
3636
3693
3650
3730
3720
3656
3668
3709
3686
3742
3713
3724
3704
3857
3679
3587
3727
3782
3812
3750
3644
3724
3697
3764
3700
3796
3784
3771
3788
3801
3742
3793
3733
3730
3755
3725
3811
3864
3814
3811
3820
3828
3771
3838
3787
3762
3820
3752
3842
3841
3795
3817
3788
3831
3743
3885
3808
3797
3916
3857
3859
3835
3785
3842
3835
3804
3907
3920
3874
3856
3859
3790
3902
3880
3885
3876
3985
3850
3790
3812
3846
3978
3878
3859
3929
3854
3802
3849
3909
3832
3827
3876
3895
3907
3889
3896
3922
3911
3878
3930
3919
3854
3897
3964
3939
3928
3956
3934
3812
3952
3952
3985
3902
3904
3888
3944
3889
3964
3845
3855
3891
3944
3928
3971
3940
3928
3942
3985
3951
3989
3967
3914
3908
3839
3857
3996
3905
3935
4023
3933
3930
4027
3975
3880
3921
3968
3962
3948
3971
3975
3969
3971
4035
3970
3975
3957
3988
4050
3934
3794
4061
4025
3992
3938
3994
4038
4027
3955
3902
4014
4044
3993
3967
4008
3981
3996
4004
4038
3989
3996
3945
4017
3985
3937
4023
3970
3990
4023
4018
3962
3960
4038
4011
4007
4064
4054
4126
3971
3943
3994
4010
4045
4079
3977
4065
4035
4045
3986
4101
4002
4102
4040
4092
4126
4124
4062
4059
4107
4017
3991
4018
4037
4112
4086
4017
4120
4037
4025
4192
4055
4106
4042
4087
4108
4117
4134
4089
4136
4012
4000
4080
4150
4117
4054
4067
4162
4060
4131
4048
4081
4126
4117
4163
4060
4075
4051
4178
4074
4056
4201
4064
4108
3969
4168
4089
4159
4087
4107
4094
4159
4076
4137
4084
4072
4100
4199
4257
4087
4118
4059
4129
4154
4124
4145
4112
4120
4125
4093
4152
4212
4196
4140
4113
4211
4182
4186
4140
4102
4130
4179
4163
4132
4211
4119
4265
4190
4117
4253
4219
4198
4138
4195
4169
4197
4235
4099
4278
4288
4089
4222
4283
4115
4236
4219
4091
4121
4271
4123
4189
4177
4131
4203
4170
4199
4240
4181
4181
4271
4279
4293
4211
4271
4250
4196
4241
4266
4250
4227
4215
4225
4254
4259
4279
4203
4262
4216
4228
4216
4228
4169
4217
4230
4222
4248
4156
4270
4227
4314
4223
4297
4255
4246
4224
4245
4144
4279
4334
4281
4218
4212
4277
4252
4331
4279
4347
4284
4346
4285
4259
4263
4320
4326
4281
4266
4383
4314
4327
4233
4283
4315
4261
4302
4388
4314
4286
4348
4397
4350
4360
4282
4312
4288
4388
4326
4382
4320
4380
4417
4424
4378
4338
4372
4254
4321
4308
4458
