4819
4811
4830
4844
4855
4793
4855
4811
4809
4784
4865
4787
4802
4769
4939
4834
4783
4736
4783
4670
4728
4762
4855
4829
4818
4832
4818
4819
4839
4721
4721
4810
4804
4804
4802
4812
4808
4843
4759
4798
4832
4821
4866
4870
4822
4838
4794
4837
4882
4834
4865
4835
4825
4759
4821
4812
4905
4843
4862
4817
4841
4892
4812
4880
4828
4914
4841
4837
4889
4893
4822
4965
4802
4833
4884
4739
4832
4870
4868
4889
4843
4886
4962
4877
4803
4909
4835
4796
4864
4905
4906
4791
4908
4934
4906
4869
4861
4892
4833
4828
4893
4922
4949
4847
4897
4945
4893
4944
4880
4866
4902
4898
4925
4920
4962
4977
4935
4953
4901
4950
4965
4855
4916
4967
4961
4851
4949
4975
4882
4864
4932
4887
4850
4937
4893
4874
4934
4981
4885
4973
4884
4925
4988
4992
4935
4906
4946
4945
4941
4937
4899
4928
5011
4861
4904
4873
4970
4885
4888
4968
4945
4919
4944
4907
4990
5026
4979
4967
4964
4900
4872
4890
5032
4937
4932
4914
4941
4921
4954
5010
4931
4948
4995
4884
5005
4970
4936
4872
5007
4901
4984
4988
4982
5033
4885
4960
4985
4931
4937
4895
4984
4966
4959
5031
4961
4940
4954
5011
5042
4886
5010
4942
4939
4964
4913
5015
4993
4979
4966
5072
4999
4944
4999
4961
4953
5002
4994
4936
4952
4992
4996
4931
5000
5029
4958
4940
5053
5032
5073
4999
5017
4982
4965
5029
5016
4926
4939
5053
5079
5049
5013
5038
5030
5036
5006
5042
4977
5104
5013
5063
4996
4990
4950
4988
5099
5060
4930
5001
5081
4992
4940
5005
4987
4959
3137
4974
4992
4999
5045
5057
5011
5032
5092
5022
5059
5031
5089
5037
5048
5064
4980
5065
5023
4998
5028
5044
5145
5032
4989
5072
5048
5088
5178
5070
5009
5033
4992
5145
5026
5007
5038
5084
5095
5097
5097
5146
4991
5003
4969
5065
5062
5090
5055
4988
5068
5017
5108
5040
4998
5020
5073
5096
5121
5038
5095
5154
5014
5042
5077
5105
5065
5121
5145
5062
5094
5036
5100
5160
5159
5045
5016
5070
5047
5107
5089
5133
5143
5196
5062
5132
5142
5111
5041
5085
5027
5076
5110
5127
5091
5095
5115
5035
5079
5112
5149
5095
5077
5153
5089
5138
5174
5115
5170
5185
5136
5137
5095
5118
5109
5172
5082
5094
5135
5108
5149
5123
5102
5228
5194
5102
5160
5164
5141
5058
5120
5125
5022
5235
5152
5172
5121
5141
5197
5165
5115
5213
5032
5267
5099
5095
5132
5239
5095
5203
5207
5215
5148
5129
5182
5131
5128
5213
5193
5224
5117
5188
5196
5181
5269
5183
5173
5123
5185
5108
5235
5179
5197
5236
5113
5141
5210
5209
5282
5181
5089
5136
5229
5229
5261
5225
5116
5189
5196
5146
5190
5365
5257
5188
5232
5175
5191
5194
5123
5118
5264
5206
5182
5298
5185
5194
5235
5183
5346
5222
5177
5170
5269
5194
5240
5289
5239
5250
5139
5226
5267
5234
5261
5229
5246
5289
