6990
7041
7043
7055
6989
7004
7048
7026
7008
7005
7085
7039
7032
7012
7011
6969
6980
7051
6994
6981
6953
6941
7010
7075
7009
6996
6949
7059
6999
7001
6907
6960
7026
7038
6968
7011
6978
6989
6966
7006
6999
7057
7042
6939
7017
6973
6991
7005
7120
7035
7049
7052
6927
6942
7005
7050
7091
7002
7026
7038
6986
7051
7027
7007
6994
7018
7049
7027
7044
7048
7057
7080
7064
7073
7062
7028
7040
7089
7017
7017
7067
7067
7150
7054
7079
7073
6990
7042
7068
7066
7163
7020
7061
7122
7063
7144
7069
7011
7087
7011
7111
7111
7060
7066
7083
7149
7025
7113
7089
6990
7091
7097
7138
7081
7138
7122
7093
7117
7107
7135
7128
7050
7103
7210
7105
7083
7198
7178
7089
7072
7057
7132
7063
7134
7116
7075
7182
7143
7069
7172
7099
7156
7212
7155
7166
7207
7104
7176
7108
7196
7125
7162
7187
7078
7073
7086
7165
7130
7169
7157
7097
7206
7220
7118
7109
7138
7189
7108
7096
7125
7075
7082
7103
7154
7235
7087
7209
7162
7172
7107
7155
7209
7180
7178
7161
7151
7120
7104
7179
7107
7253
7189
7141
7173
7161
7138
7159
7223
7191
7102
7191
7235
7126
7197
7121
7146
7111
7197
7243
7140
7176
7201
7180
7191
7111
7193
7173
7159
7139
7281
7183
7144
7144
7288
7208
7239
7226
7142
7155
7247
7216
7118
7199
7188
7214
7120
7264
7214
7178
7133
7315
7148
7247
7203
7197
7194
7249
7176
7188
7221
7222
7278
7164
7235
7205
7246
7187
7270
7211
7216
7179
7240
7131
7182
7191
7248
7158
7147
7277
7269
7153
7202
7213
7261
5475
7193
7257
7260
7246
7213
7228
7257
7299
7246
7174
7229
7281
7230
7245
7240
7193
7343
7255
7180
7228
7247
7328
7325
7152
7292
7192
7279
7324
7184
7237
7264
7249
7284
7241
7290
7297
7306
7334
7348
7300
7277
7242
7232
7189
7241
7264
7245
7252
7250
7201
7263
7331
7291
7270
7241
7272
7250
7273
7236
7300
7307
7300
7268
7298
7301
7298
7235
7338
7198
7293
7277
7258
7340
7384
7295
7227
7239
7318
7349
7356
7310
7358
7329
7216
7333
7299
7312
7331
7272
7183
7251
7224
7267
7322
7306
7376
7252
7234
7250
7314
7290
7259
7314
7327
7292
7314
7296
7352
7292
7366
7314
7389
7316
7244
7278
7220
7330
7338
7268
7342
7352
7339
7334
7294
7370
7361
7365
7378
7339
7287
7346
7318
7311
7356
7393
7380
7308
7397
7291
7324
7346
7362
7383
7264
7373
7330
7418
7331
7317
7398
7396
7331
7279
7349
7332
7378
7401
7417
7270
7325
7339
7376
7350
7477
7382
7444
7309
7370
7317
7377
7340
7323
7400
7351
7329
7420
7295
7408
7470
7400
7320
7431
7430
7411
7327
7322
7404
7317
7410
7379
7405
7419
7354
7405
7366
7344
7438
7330
7385
7431
7368
7382
7493
7408
7446
7347
7372
7459
7436
7386
7264
7404
7361
7318
7412
7457
7388
7370
7437
7435
7443
7463
7488
7509
7433
