2650
2636
2666
2655
2595
2669
2665
2641
2648
2648
2692
2633
2677
2689
2704
2669
2658
2689
2718
2668
2693
2687
2738
2774
2701
2682
2745
2792
2718
2731
2735
2745
2739
2724
2760
2774
2757
2738
2745
2775
2775
2758
2782
2748
2808
2819
2728
2813
2876
2791
2782
2842
2809
2783
2776
2843
2827
2834
2847
2795
2830
2861
2779
2824
2817
2870
2844
2849
2848
2875
2870
2855
2843
2882
2857
2802
2892
2847
2910
2899
2923
2819
2957
2904
2902
2900
2887
2831
2922
2878
2974
2845
2910
2914
2870
2935
2870
2912
2877
2874
2923
2921
2914
2880
2934
2893
2857
2987
2863
2882
2954
2893
2964
2907
2995
2966
2880
2961
2940
2954
3010
2936
2983
2992
2915
2926
2965
2958
2914
2956
2960
2993
2899
2951
2958
2905
2992
2996
2938
2969
2949
2978
2966
3024
2982
3001
2997
2960
2970
3025
2958
2974
3045
2947
2934
2974
3034
2985
3013
3023
2998
3018
3050
2972
3020
3048
3036
2983
2999
2972
3007
2969
3061
2997
3005
2982
3037
3050
2961
2983
2997
3031
3043
3040
3042
3031
3020
2976
3067
2982
3057
3064
3007
3032
3022
2996
3023
3024
3009
3018
3034
3008
2997
3039
3042
3060
3041
3058
3073
3035
3014
3065
3009
3068
3000
3057
3048
3058
3035
3127
3024
3050
3049
3076
3060
3060
3075
3031
3003
3077
3093
2987
3075
3077
3031
3037
3108
3100
3072
3006
3129
3036
3089
3050
3067
3050
3028
3049
3157
3106
3043
3082
3051
3083
3084
3086
3050
3129
3099
3137
3097
3083
3002
3025
3128
3111
3038
3030
3147
3059
3043
3067
3074
3058
1298
3070
3086
3090
3118
3089
3104
3090
3146
3094
3062
3112
3118
3111
3138
3115
3082
3146
3144
3102
3131
3093
3137
3129
3088
3133
3089
3146
3193
3082
3085
3114
3123
3145
3109
3146
3121
3135
3148
3153
3123
3098
3132
3101
3106
3098
3127
3150
3100
3114
3097
3093
3157
3126
3105
3105
3143
3155
3156
3126
3163
3191
3124
3078
3148
3190
3152
3202
3177
3125
3144
3134
3183
3207
3254
3099
3091
3129
3089
3170
3133
3142
3188
3194
3140
3146
3156
3150
3150
3126
3088
3077
3101
3119
3157
3184
3182
3108
3132
3164
3219
3130
3110
3182
3163
3177
3149
3122
3201
3139
3191
3190
3170
3194
3178
3186
3131
3136
3191
3183
3179
3177
3132
3199
3164
3191
3197
3217
3199
3168
3189
3165
3172
3179
3212
3226
3182
3144
3194
3220
3216
3217
3145
3239
3157
3184
3165
3226
3176
3196
3171
3207
3214
3173
3173
3163
3225
3281
3222
3180
3206
3235
3245
3250
3300
3195
3201
3186
3240
3146
3251
3145
3174
3219
3193
3189
3235
3165
3230
3285
3206
3152
3245
3257
3235
3183
3188
3273
3208
3199
3248
3285
3211
3188
3192
3208
3200
3241
3200
3179
3247
3231
3244
3297
3187
3242
3184
3212
3297
3228
3196
3146
3263
3232
3231
3283
3268
3179
3207
3240
3248
3260
3255
3234
3258
3221
