2754
2710
2730
2785
2728
2753
2735
2770
2790
2768
2806
2815
2768
2740
2842
2802
2724
2784
2826
2712
2780
2832
2808
2901
2852
2841
2830
2851
2875
2809
2766
2854
2788
2872
2878
2837
2839
2875
2787
2856
2847
2909
2862
2910
2930
2919
2850
2951
3007
2910
2925
2980
2886
2905
2877
2913
3011
2946
2942
2899
2951
2992
2896
2974
2935
2986
2945
2937
2940
3023
2945
2986
2940
2950
3007
2912
2973
2984
3005
2982
2994
2980
3076
3039
2994
3003
2936
2945
3045
3029
3040
3031
3009
3063
3020
3050
3049
3045
3022
2949
3059
3102
3062
3020
3038
3095
3032
3066
3045
3040
3061
3063
3105
3058
3121
3127
3066
3074
3052
3093
3127
3038
3097
3087
3082
3060
3093
3104
3007
3039
3050
3089
3028
3084
3084
3071
3092
3126
3058
3164
3085
3063
3139
3105
3133
3139
3098
3134
3138
3134
3034
3095
3134
3108
3083
3079
3173
3073
3097
3088
3134
3139
3102
3091
3124
3181
3150
3158
3151
3118
3108
3038
3180
3100
3165
3064
3085
3105
3158
3128
3159
3160
3146
3137
3162
3156
3122
3090
3195
3084
3185
3158
3190
3216
3142
3117
3182
3177
3135
3102
3239
3140
3156
3218
3163
3129
3172
3177
3220
3128
3256
3158
3129
3153
3127
3186
3221
3151
3151
3221
3211
3192
3192
3194
3145
3216
3183
3159
3143
3175
3211
3150
3207
3185
3210
3179
3264
3222
3237
3228
3249
3159
3149
3243
3167
3125
3181
3206
3269
3204
3213
3207
3210
3251
3193
3226
3210
3317
3218
3275
3168
3163
3178
3173
3296
3269
3122
3179
3253
3158
3130
3150
3185
3209
1369
3187
3157
3194
3244
3232
3216
3208
3292
3230
3202
3210
3272
3230
3253
3267
3130
3245
3218
3216
3237
3258
3368
3238
3177
3273
3209
3266
3363
3229
3193
3220
3185
3321
3218
3226
3227
3272
3284
3299
3248
3285
3222
3218
3170
3237
3253
3292
3222
3232
3254
3258
3303
3216
3245
3256
3244
3288
3340
3187
3298
3343
3233
3272
3306
3300
3265
3309
3327
3271
3263
3271
3290
3336
3349
3304
3204
3276
3214
3312
3263
3269
3372
3370
3271
3297
3337
3278
3239
3297
3226
3291
3272
3313
3309
3297
3312
3255
3235
3277
3369
3274
3324
3358
3371
3300
3299
3319
3326
3345
3307
3328
3306
3262
3297
3301
3261
3294
3341
3295
3336
3283
3316
3400
3338
3283
3341
3336
3325
3244
3322
3341
3270
3390
3382
3329
3319
3309
3366
3360
3297
3339
3243
3431
3289
3280
3347
3379
3288
3319
3407
3427
3349
3293
3380
3298
3368
3453
3379
3332
3322
3405
3361
3386
3467
3333
3330
3327
3370
3297
3390
3339
3399
3345
3316
3339
3397
3374
3415
3390
3394
3300
3396
3420
3434
3382
3381
3380
3369
3322
3320
3483
3428
3381
3400
3441
3378
3339
3325
3338
3485
3402
3370
3430
3400
3393
3371
3356
3486
3404
3330
3347
3453
3380
3399
3453
3388
3395
3364
3405
3408
3372
3455
3365
3433
3485
