10915
11000
10895
11063
10919
10948
10869
10913
10898
10829
10938
10813
10813
10798
10993
10884
10804
10845
10729
10704
10857
10801
10832
10924
10914
10886
10795
10898
10874
10790
10785
10857
10854
10789
10822
10746
10836
10831
10819
10822
10843
10895
10937
10753
10821
10804
10774
10853
10855
10851
10820
10831
10811
10914
10869
10796
10886
10957
10895
10909
10824
10956
10846
10882
10877
10963
10927
10853
11009
10980
10927
11018
10943
10921
10938
10868
10913
10912
10918
10915
10897
10979
10996
10962
10878
10954
10980
10811
10979
10983
10968
10896
10949
10989
10945
10959
10964
10937
10914
10862
10921
10958
10939
10954
10927
10959
10934
10960
10929
10971
10942
10959
11022
10964
11043
10974
11020
10967
11027
11012
10992
10899
11030
11029
10956
11037
11053
11088
10907
10879
11001
11022
10932
11036
11022
10913
10952
11029
11058
11043
11040
10994
11108
11043
11055
11045
11048
11079
11015
11078
10912
10993
10994
10915
10967
10995
11038
10991
10992
11100
11063
11012
11045
11090
11028
11075
11075
11054
10980
11072
11003
11051
11010
11055
11062
11012
11110
11064
11030
11055
11012
11157
11032
10984
11115
11093
11046
11072
11113
11068
11128
11180
11075
11102
11108
11054
11113
11049
11060
11095
11052
11145
11092
11069
11025
11053
11073
11152
11163
11037
11119
11134
11042
11100
11057
11187
11056
11065
11126
11138
11180
11108
11191
11101
11057
11115
11151
11059
11111
11181
11144
11115
11132
11133
11073
11029
11180
11166
11152
11076
11249
11195
11155
11053
11204
11076
11155
11128
11169
11148
11063
11181
11165
11168
11129
11075
11190
11199
11190
11204
11138
11152
11109
11160
11132
11171
11118
11117
11248
11170
11106
11163
11148
11129
9340
11185
11157
11188
11194
11159
11150
11097
11231
11173
11104
11212
11249
11172
11139
11245
11163
11250
11155
11146
11138
11145
11173
11231
11193
11173
11166
11220
11276
11151
11160
11199
11163
11342
11190
11180
11195
11174
11260
11247
11215
11238
11137
11205
11152
11216
11253
11261
11221
11197
11218
11181
11242
11233
11181
11165
11243
11209
11318
11216
11202
11158
11264
11218
11249
11233
11233
11175
11225
11160
11209
11182
11248
11344
11204
11233
11173
11253
11216
11272
11282
11296
11316
11347
11239
11233
11294
11299
11222
11230
11190
11212
11240
11198
11278
11272
11318
11207
11250
11232
11192
11214
11238
11258
11262
11275
11297
11196
11279
11287
11269
11343
11259
11223
11259
11206
11203
11311
11363
11291
11293
11297
11213
11291
11340
11306
11319
11334
11272
11271
11298
11361
11247
11339
11385
11347
11366
11256
11321
11301
11278
11396
11267
11377
11232
11308
11358
11370
11337
11293
11417
11336
11265
11299
11316
11219
11376
11415
11342
11325
11319
11386
11343
11396
11474
11334
11282
11236
11341
11398
11419
11368
11384
11363
11334
11293
11405
11353
11459
11308
11367
11342
11361
11399
11373
11260
11290
11328
11315
11405
11439
11413
11365
11329
11412
11361
11358
11365
11412
11422
11454
11381
11349
11447
11332
11363
11428
11401
11441
11435
11314
11333
11396
11290
11412
11473
11466
11438
11375
11368
11425
11471
11446
11392
11435
11383
