4164
4160
4174
4146
4133
4111
4139
4163
4100
4148
4209
4131
4127
4169
4193
4161
4100
4092
4123
4035
4079
4106
4092
4113
4130
4106
4088
4158
4119
4094
4077
4116
4080
4137
4133
4126
4077
4145
4044
4145
4155
4142
4158
4081
4154
4114
4111
4145
4188
4139
4159
4125
4117
4097
4071
4133
4199
4118
4188
4057
4131
4182
4055
4179
4084
4159
4145
4127
4118
4248
4128
4173
4182
4085
4099
4126
4127
4144
4170
4176
4130
4167
4247
4226
4153
4106
4209
4119
4142
4157
4163
4174
4208
4231
4183
4191
4188
4196
4171
4137
4256
4183
4187
4123
4216
4126
4138
4239
4167
4129
4175
4186
4210
4165
4193
4252
4231
4177
4187
4208
4244
4127
4177
4288
4198
4162
4253
4245
4143
4141
4202
4196
4131
4159
4148
4195
4217
4264
4217
4221
4199
4186
4242
4256
4149
4164
4230
4208
4185
4242
4173
4208
4301
4192
4202
4082
4220
4139
4203
4264
4160
4256
4233
4183
4264
4281
4255
4226
4201
4218
4163
4119
4266
4178
4212
4155
4232
4207
4235
4216
4271
4209
4244
4241
4273
4267
4173
4158
4282
4228
4282
4220
4222
4244
4183
4187
4283
4224
4210
4215
4213
4279
4131
4271
4192
4179
4194
4277
4284
4187
4258
4196
4223
4234
4195
4217
4275
4210
4246
4372
4272
4194
4234
4328
4191
4318
4306
4196
4181
4234
4242
4215
4243
4290
4290
4221
4283
4218
4272
4213
4284
4310
4243
4277
4266
4230
4222
4262
4331
4313
4209
4277
4286
4300
4230
4282
4205
4334
4246
4283
4223
4237
4173
4257
4279
4275
4160
4184
4329
4230
4242
4262
4221
4233
2477
4263
4246
4273
4294
4234
4229
4265
4299
4281
4277
4252
4261
4265
4285
4314
4216
4301
4295
4289
4289
4278
4377
4274
4283
4282
4271
4317
4387
4310
4279
4337
4227
4337
4332
4286
4312
4369
4342
4367
4281
4287
4276
4328
4237
4228
4285
4287
4258
4256
4305
4252
4357
4316
4305
4267
4250
4357
4332
4225
4264
4298
4236
4242
4319
4293
4314
4325
4391
4254
4283
4246
4310
4291
4391
4370
4189
4276
4262
4361
4360
4328
4387
4365
4274
4328
4326
4323
4321
4257
4251
4311
4332
4329
4288
4313
4389
4322
4330
4320
4395
4319
4300
4393
4370
4324
4346
4315
4381
4372
4353
4348
4314
4354
4201
4353
4298
4336
4332
4286
4377
4318
4364
4323
4404
4402
4408
4311
4290
4317
4327
4277
4303
4381
4403
4410
4334
4309
4338
4365
4383
4359
4333
4428
4303
4338
4395
4463
4286
4386
4331
4399
4387
4322
4377
4336
4404
4384
4487
4368
4284
4415
4450
4401
4459
4399
4331
4335
4312
4354
4383
4311
4365
4421
4350
4293
4420
4358
4478
4455
4388
4331
4427
4459
4429
4343
4384
4369
4374
4378
4381
4495
4440
4378
4426
4375
4393
4443
4329
4322
4477
4420
4392
4466
4456
4392
4356
4405
4554
4442
4372
4388
4443
4399
4344
4460
4455
4367
4361
4388
4440
4431
4439
4417
4433
4455
