2662
2684
2673
2658
2652
2708
2726
2678
2695
2630
2701
2622
2652
2696
2727
2719
2671
2703
2707
2644
2701
2699
2714
2753
2721
2708
2713
2785
2737
2753
2741
2737
2736
2762
2800
2699
2778
2742
2762
2765
2757
2799
2762
2762
2813
2809
2737
2788
2865
2785
2828
2810
2804
2810
2770
2832
2840
2842
2817
2808
2821
2865
2790
2866
2828
2891
2814
2846
2836
2897
2847
2837
2843
2863
2883
2812
2857
2880
2897
2888
2883
2859
2906
2948
2866
2886
2865
2838
2930
2888
2915
2831
2916
2876
2940
2910
2854
2900
2874
2862
2918
2907
2910
2867
2973
2892
2861
2924
2926
2866
2939
2910
2940
2943
2958
2937
2892
2940
2957
2953
2993
2866
2954
2996
2942
2953
2964
2971
2926
2971
2959
3009
2879
2953
2979
2923
3009
2974
2951
2980
2931
2996
3005
3014
2977
3001
3056
2963
2973
3009
2933
2959
3022
2972
2927
2955
3007
2965
3013
3012
2992
3010
3031
2985
3022
3062
2998
2938
2996
3012
2985
2969
3015
2971
3012
2950
3039
3000
3015
2986
3008
3040
2997
3031
3057
3016
3033
2970
3076
3018
3050
3041
2994
3060
3005
3016
3020
3025
2999
2985
3054
3014
2983
3032
2988
3030
2995
3050
3091
3022
3021
3074
3017
3018
3016
3063
3014
3045
3043
3112
3010
3055
3060
3118
3058
3025
3087
3014
3030
3066
3031
2980
3067
3060
3008
3051
3108
3038
3078
3033
3144
3098
3163
3030
3080
3075
3034
3062
3112
3102
3013
3050
3097
3073
3061
3056
3045
3141
3090
3122
3058
3067
3024
3018
3112
3085
3010
3085
3150
3076
3035
3070
3041
3017
1317
3023
3053
3104
3098
3079
3074
3061
3154
3082
3076
3111
3113
3122
3129
3149
3009
3137
3132
3095
3135
3089
3117
3111
3088
3152
3068
3105
3198
3101
3056
3131
3109
3171
3149
3124
3100
3175
3158
3175
3107
3116
3073
3038
3096
3120
3111
3131
3124
3083
3082
3081
3164
3118
3101
3122
3169
3130
3169
3085
3102
3102
3104
3103
3125
3142
3142
3203
3195
3143
3097
3076
3175
3134
3228
3128
3098
3136
3108
3158
3113
3112
3174
3176
3148
3150
3117
3170
3120
3104
3105
3129
3134
3082
3171
3169
3157
3135
3070
3139
3222
3094
3139
3142
3183
3172
3141
3164
3194
3135
3204
3203
3136
3221
3150
3180
3103
3158
3200
3170
3146
3162
3129
3244
3148
3227
3200
3161
3166
3183
3229
3148
3163
3181
3227
3221
3223
3160
3213
3201
3205
3181
3150
3253
3130
3181
3183
3222
3150
3174
3171
3185
3185
3149
3180
3139
3197
3245
3242
3180
3169
3243
3237
3272
3271
3190
3189
3204
3168
3178
3220
3117
3195
3184
3210
3170
3229
3185
3237
3255
3221
3160
3251
3236
3185
3167
3217
3235
3179
3174
3230
3272
3226
3175
3184
3248
3213
3225
3197
3157
3282
3222
3240
3298
3199
3233
3172
3197
3283
3234
3207
3139
3229
3220
3206
3253
3244
3178
3262
3227
3256
3228
3258
3223
3225
3235
