2715
2751
2759
2736
2704
2710
2721
2764
2721
2734
2795
2750
2796
2804
2795
2770
2771
2755
2808
2681
2778
2790
2745
2856
2815
2810
2779
2858
2812
2858
2829
2827
2748
2842
2851
2863
2794
2883
2788
2859
2829
2942
2859
2840
2921
2829
2860
2937
2941
2918
2908
2883
2892
2880
2851
2891
2914
2864
2952
2851
2944
2958
2864
2951
2895
2911
2944
2905
2941
3041
2961
2982
3011
2870
2953
2939
2953
2968
2950
2975
2960
2981
3052
3036
2962
2972
3016
2932
3019
2999
2992
3005
2991
3015
2953
2996
3035
3045
3009
2966
3099
3048
3008
2969
3036
3000
2973
3070
3012
2971
3047
3053
3078
3012
3032
3096
3079
3060
3032
3068
3101
3010
3024
3162
3032
3033
3090
3095
3001
3022
3045
3081
3039
2990
3052
3029
3051
3133
3072
3097
3052
3079
3070
3121
3049
3060
3076
3084
3067
3087
3074
3071
3168
3097
3067
3006
3094
3025
3102
3107
3063
3113
3117
3078
3153
3194
3134
3103
3110
3119
3068
3005
3153
3077
3102
3066
3104
3116
3122
3078
3154
3106
3136
3089
3131
3164
3104
3097
3145
3135
3164
3159
3096
3117
3132
3083
3149
3139
3112
3121
3120
3180
3075
3158
3131
3113
3141
3147
3219
3104
3169
3120
3123
3151
3122
3157
3157
3152
3172
3238
3191
3105
3209
3185
3115
3232
3184
3158
3146
3134
3173
3123
3166
3187
3218
3168
3249
3140
3208
3131
3213
3197
3145
3179
3193
3151
3145
3194
3286
3220
3141
3182
3185
3253
3166
3168
3136
3284
3197
3225
3175
3157
3080
3211
3214
3206
3137
3153
3248
3182
3167
3179
3125
3157
1354
3218
3129
3209
3219
3183
3166
3204
3243
3217
3208
3196
3197
3168
3247
3243
3159
3234
3223
3225
3255
3251
3327
3229
3183
3230
3210
3251
3312
3206
3205
3228
3141
3263
3258
3255
3242
3291
3284
3271
3195
3240
3189
3259
3144
3181
3258
3257
3210
3242
3250
3218
3251
3273
3222
3225
3203
3288
3287
3171
3237
3219
3221
3187
3269
3289
3256
3238
3307
3199
3226
3218
3294
3251
3340
3266
3162
3218
3202
3292
3273
3242
3331
3288
3228
3251
3302
3266
3275
3217
3204
3254
3241
3255
3269
3275
3312
3268
3280
3265
3365
3281
3288
3346
3293
3289
3323
3243
3317
3310
3303
3284
3262
3274
3155
3292
3198
3277
3307
3279
3344
3272
3254
3312
3327
3343
3320
3300
3268
3286
3278
3293
3257
3347
3354
3343
3285
3289
3293
3323
3331
3316
3243
3370
3256
3302
3359
3368
3232
3343
3332
3392
3308
3278
3347
3283
3355
3380
3402
3319
3276
3378
3386
3321
3425
3333
3340
3268
3330
3296
3358
3311
3333
3365
3340
3310
3343
3305
3428
3371
3347
3269
3346
3414
3342
3322
3320
3324
3338
3323
3307
3466
3385
3381
3361
3358
3373
3380
3303
3326
3414
3376
3344
3406
3407
3353
3326
3383
3482
3379
3330
3359
3418
3349
3325
3407
3434
3363
3325
3354
3392
3392
3395
3353
3404
3420
