4116
4169
4160
4100
4121
4169
4131
4128
4096
4148
4107
4083
4101
4069
4114
4112
4137
4074
4125
4149
4102
4153
4107
4151
4143
4128
4131
4092
4115
4098
4052
4123
4137
4143
4128
4099
4071
4152
4076
4101
4081
4118
4107
4142
4114
4123
4129
4098
4065
4038
4109
4079
4143
4099
4117
4149
4163
4077
4108
4062
4134
4112
4189
4168
4109
4186
4120
4088
4097
4137
4147
4122
4121
4074
4111
4131
4131
4118
4120
4136
4125
4111
4147
4130
4108
4119
4168
4126
4075
4148
4150
4146
4109
4135
4100
4165
4093
4089
4127
4147
4122
4132
4173
4076
4135
4103
4146
4091
4147
4191
4149
4099
4185
4151
4185
4131
4175
4150
4059
4110
4109
4172
4161
4172
4150
4064
4185
4137
4089
4116
4172
4187
4144
4148
4135
4126
4145
4149
4169
4218
4212
4164
4172
4182
4153
4191
4192
4138
4192
4205
4109
4149
4144
4146
4188
4176
4176
4163
4144
4179
4171
4198
4142
4122
4175
4224
4132
4209
4164
4218
4169
4208
4166
4178
4167
4181
4184
4203
4180
4224
4185
4185
4188
4183
4222
4175
4199
4164
4200
4187
4259
4170
4148
4168
4186
4163
4207
4187
4142
4212
4157
4244
4179
4154
4210
4158
4155
4200
4176
4131
4198
4185
4185
4201
4208
4220
4153
4137
4216
4235
4201
4201
4249
4180
4207
4221
4223
4206
4185
4186
4284
4186
4245
4226
4253
4175
4223
4161
4261
4241
4190
4164
4193
4214
4240
4222
4174
4192
4213
4200
4203
4265
4217
4165
4232
4238
4233
4274
4212
4216
4179
4175
4248
4225
4239
4254
4217
4280
4166
4280
4208
4185
4224
4234
4236
4264
4205
4299
4194
4219
4207
4227
4210
4264
4219
4237
4236
4215
4242
4244
4248
4183
4222
4194
4204
4258
4273
4232
4290
4266
4238
4255
4245
4280
4257
4234
4268
4258
4282
4284
4270
4199
4221
4272
4297
4208
4193
4197
4283
4239
4288
4211
4274
4299
4219
4271
4206
4262
4280
4291
4296
4216
4283
4221
4237
4166
4257
4291
4281
4251
4239
4294
4218
4274
4297
4279
4266
4289
4266
4299
4275
4338
4275
4258
4297
4247
4256
4274
4268
4230
4273
4285
4326
4302
4237
4271
4338
4220
4324
4259
4294
4272
4314
4298
4288
4299
4319
4319
4267
4263
4283
4296
4262
4303
4282
4266
4303
4355
4271
4364
4313
4262
4317
4340
4297
4312
4290
4262
4267
4362
4245
4290
4296
4284
4256
4321
4283
4350
4251
4280
4297
4319
4324
4316
4330
4328
4297
4282
4330
4383
4327
4290
4304
4272
4331
4322
4355
4299
4318
4309
4299
4374
4356
4307
4321
4258
4320
4307
4340
4309
4370
4343
4298
4299
4351
4349
4308
4298
4325
4360
4376
4353
4286
4376
4328
4332
4339
4342
4338
4325
4326
4359
4373
4335
4305
4341
4306
4421
4327
4330
4346
4325
4368
4350
4333
4406
4337
4335
4332
4340
4344
4383
4303
4313
4357
4295
4389
4394
4347
4343
4315
4376
4310
4369
4341
4280
4311
4368
4356
