2809
2804
2803
2836
2803
2846
2791
2771
2802
2875
2767
2803
2768
2815
2783
2809
2850
2879
2809
2834
2790
2791
2832
2758
2809
2773
2807
2831
2810
2782
2780
2826
2864
2821
2812
2768
2778
2840
2759
2794
2831
2852
2796
2841
2814
2819
2816
2827
2738
2801
2822
2814
2811
2820
2785
2782
2803
2795
2810
2769
2875
2846
2842
2857
2827
2817
2847
2786
2694
2799
2845
2793
2796
2836
2820
2838
2836
2852
2808
2819
2801
2762
2881
2834
2813
2731
2881
2783
2859
2881
2801
2819
2859
2798
2795
2803
2813
2788
2838
2850
2845
2841
2870
2791
2769
2789
2822
2813
2829
2842
2838
2825
2821
2835
2806
2809
2829
2798
2794
2841
2803
2853
2863
2857
2887
2814
2819
2803
2810
2771
2846
2870
2865
2870
2860
2845
2840
2848
2864
2909
2854
2860
2783
2868
2799
2833
2863
2812
2830
2877
2864
2788
2832
2851
2883
2836
2822
2862
2810
2831
2795
2885
2863
2818
2835
2897
2861
2881
2861
2905
2841
2874
2827
2850
2866
2864
2840
2905
2858
2852
2869
2832
2866
2898
2858
2831
2804
2818
2847
2841
2884
2878
2777
2838
2866
2832
2830
2871
2894
2858
2863
2851
2836
2891
2856
2869
2824
2816
2888
2878
2908
2854
2900
2882
2886
2861
2853
2867
2869
2871
2870
2909
2935
2896
2935
2910
2880
2902
2924
2882
2954
2829
2931
2930
2881
2893
2868
2852
2894
2873
2901
2823
2898
2906
2896
2874
2939
2830
2873
2901
2863
2922
2914
2894
2922
2940
2839
2898
2852
2909
2869
2920
2942
2850
2903
2914
2854
2879
2861
2962
2901
2925
2879
2949
2894
2867
2880
2887
2889
2912
2863
2902
2886
2953
2869
2921
2920
2958
2924
2899
2977
2892
2886
2935
2865
2911
2904
2891
2922
2900
2893
2987
2929
2935
2874
2921
2943
2932
2908
2955
2999
2869
2907
2942
2956
2900
2874
2880
2951
2902
2968
2896
2950
2993
2944
2941
2946
2937
2926
2977
2886
2868
2955
2887
2908
2847
2934
2938
2934
2935
2956
2924
2920
2937
2951
2978
2929
2960
2937
2997
2955
2965
2935
2923
2954
2899
2944
2919
2898
3002
2961
2974
3027
2952
2962
2942
2961
2996
2955
2960
2959
3001
2974
2952
2938
3021
2928
3024
2940
2949
2999
2979
2991
3007
2952
2967
2923
3004
2956
3034
3096
2929
3002
2997
2985
2983
2996
2993
2995
3021
2931
2972
2992
2984
3004
3039
2944
3053
2981
2981
3028
3046
3022
2973
3066
3053
3005
2961
2988
3051
3041
3002
2975
3005
3019
2976
3002
3004
2995
2972
2989
3062
2923
2990
2991
3019
3005
3018
3039
2953
3000
3034
3006
3043
2999
3018
3021
3004
3040
3071
3042
3049
2966
3041
3003
3025
3010
3026
3009
3037
3006
2984
3043
3062
3044
3054
3042
3056
3016
3028
3075
3063
3065
3025
3096
3121
3069
3045
3074
3074
3007
3096
3049
3019
3110
3036
3057
3058
3009
3105
3105
3137
3064
3020
3003
2965
3052
3048
3158
