3207
3284
3250
3243
3238
3315
3269
3265
3278
3359
3279
3285
3249
3286
3308
3261
3335
3339
3292
3335
3331
3361
3350
3325
3414
3366
3348
3366
3354
3339
3362
3381
3393
3375
3344
3320
3337
3393
3324
3365
3442
3440
3372
3409
3372
3381
3398
3374
3344
3367
3436
3402
3455
3481
3425
3413
3380
3408
3432
3385
3506
3418
3443
3406
3421
3471
3462
3423
3381
3468
3498
3414
3403
3479
3450
3426
3466
3467
3412
3437
3518
3429
3472
3454
3448
3437
3582
3439
3479
3533
3493
3538
3475
3427
3434
3454
3487
3389
3529
3516
3537
3523
3541
3467
3501
3486
3510
3507
3526
3534
3547
3481
3500
3550
3510
3465
3566
3466
3478
3533
3482
3544
3597
3544
3579
3520
3540
3498
3540
3530
3514
3595
3518
3589
3562
3568
3516
3546
3537
3593
3653
3586
3547
3607
3476
3585
3569
3601
3560
3637
3496
3530
3528
3570
3642
3630
3531
3577
3565
3564
3503
3608
3560
3529
3560
3598
3578
3553
3552
3652
3524
3595
3595
3580
3575
3638
3608
3662
3586
3599
3609
3547
3583
3636
3584
3577
3536
3575
3657
3592
3735
3596
3544
3559
3597
3607
3648
3582
3648
3621
3612
3632
3614
3625
3613
3598
3550
3608
3657
3639
3641
3620
3678
3701
3648
3622
3594
3588
3666
3641
3612
3674
3689
3631
3679
3711
3667
3636
3683
3695
3723
3635
3710
3672
3668
3700
3633
3669
3753
3641
3661
3594
3676
3733
3680
3662
3727
3591
3634
3685
3655
3765
3690
3645
3713
3679
3581
3660
3684
3692
3689
3713
3696
3656
3707
3741
3675
3730
3650
3793
3696
3703
3675
3735
3701
3672
3656
3741
3689
3707
3611
3739
3703
3767
3703
3754
3810
3752
3754
3715
3758
3648
3697
3685
3701
3757
3757
3691
3755
3738
3686
3835
3743
3740
3697
3756
3712
3763
3700
3753
3731
3697
3695
3791
3749
3766
3656
3728
3803
3775
3838
3673
3788
3787
3743
3729
3738
3758
3760
3783
3717
3706
3799
3668
3736
3637
3814
3794
3775
3737
3702
3756
3804
3819
3818
3863
3717
3744
3861
3904
3761
3797
3779
3781
3815
3747
3756
3810
3704
3802
3827
3860
3892
3798
3776
3777
3857
3845
3808
3818
3764
3827
3807
3824
3817
3864
3781
3878
3838
3782
3868
3803
3823
3847
3756
3883
3810
3887
3771
3881
3928
3770
3896
3896
3849
3888
3886
3857
3824
3874
3792
3827
3859
3850
3856
3855
3883
3943
3844
3815
3867
3897
3901
3876
3981
3914
3877
3860
3886
3931
3899
3894
3824
3915
3892
3861
3865
3905
3869
3842
3894
3910
3828
3886
3880
3914
3846
3866
3930
3884
3950
3939
3960
3877
3840
3900
3924
3828
3939
3924
3953
3915
3853
3965
3860
3944
3883
3971
3924
3954
3956
3939
3901
3943
3913
3928
3913
3977
3926
3953
3912
3939
4020
3977
3963
4017
4002
3942
3961
3990
3948
4046
3928
3946
3967
3929
3982
4010
3946
4056
4027
4086
3996
3911
3966
3897
3966
3966
4081
