3189
3196
3224
3146
3203
3209
3223
3231
3249
3260
3207
3250
3299
3224
3254
3262
3244
3257
3280
3301
3296
3315
3302
3267
3291
3275
3321
3299
3260
3283
3318
3299
3325
3308
3315
3335
3211
3298
3268
3364
3374
3358
3302
3385
3346
3324
3337
3355
3303
3297
3355
3330
3362
3361
3382
3343
3420
3383
3359
3301
3433
3376
3396
3410
3372
3413
3416
3354
3370
3443
3399
3406
3371
3355
3365
3411
3424
3465
3390
3447
3410
3410
3417
3396
3384
3400
3528
3374
3477
3484
3453
3457
3405
3416
3399
3404
3364
3352
3449
3466
3438
3444
3495
3421
3399
3455
3428
3448
3410
3453
3460
3433
3444
3477
3464
3466
3473
3446
3442
3469
3391
3514
3479
3478
3494
3429
3482
3479
3538
3431
3455
3541
3459
3474
3474
3492
3476
3517
3461
3540
3541
3489
3544
3531
3479
3495
3555
3451
3515
3555
3445
3457
3485
3494
3584
3539
3545
3531
3466
3535
3470
3542
3466
3520
3548
3474
3516
3571
3546
3534
3505
3564
3535
3517
3508
3520
3529
3569
3543
3572
3521
3515
3538
3480
3517
3589
3477
3511
3581
3537
3551
3554
3475
3536
3569
3514
3550
3563
3514
3530
3498
3595
3541
3511
3610
3532
3490
3488
3571
3544
3493
3529
3501
3585
3598
3613
3561
3535
3597
3565
3570
3647
3553
3604
3605
3674
3571
3604
3560
3543
3621
3542
3600
3619
3568
3605
3576
3517
3613
3600
3584
3535
3535
3608
3618
3554
3573
3571
3564
3600
3611
3615
3615
3540
3604
3600
3588
3663
3563
3621
3533
3616
3636
3569
3598
3608
3612
3634
3598
3703
3576
3581
3629
3609
3623
3649
3570
3637
3597
3582
3562
3667
3586
3652
3572
3630
3578
3653
3644
3651
3642
3561
3592
3630
3610
3676
3658
3620
3689
3563
3677
3683
3611
3637
3662
3673
3654
3704
3671
3665
3708
3589
3572
3634
3646
3671
3591
3668
3688
3608
3696
3616
3674
3682
3673
3690
3633
3696
3683
3731
3639
3648
3679
3657
3658
3639
3700
3677
3705
3627
3616
3699
3688
3677
3685
3705
3697
3670
3695
3709
3691
3681
3680
3688
3668
3664
3735
3752
3645
3689
3712
3732
3791
3691
3702
3673
3750
3730
3703
3737
3668
3695
3687
3729
3705
3781
3690
3730
3723
3668
3739
3706
3715
3727
3707
3753
3693
3775
3679
3749
3790
3714
3714
3761
3728
3777
3734
3715
3687
3756
3691
3691
3731
3681
3778
3711
3747
3788
3703
3688
3726
3759
3806
3748
3839
3775
3733
3754
3735
3798
3824
3733
3762
3722
3780
3788
3737
3751
3717
3787
3786
3775
3749
3799
3774
3747
3750
3718
3781
3782
3834
3793
3753
3775
3786
3744
3796
3738
3825
3854
3816
3803
3726
3803
3774
3809
3830
3856
3792
3778
3740
3781
3835
3818
3833
3783
3776
3807
3821
3834
3819
3822
3870
3820
3821
3888
3844
3783
3871
3847
3859
3810
3815
3832
3804
3831
3846
3835
3796
3874
3850
3900
3810
3808
3816
3754
3813
3825
3890
