21160
24972
25886
26094
26194
26106
26143
26116
25975
25994
25831
26004
25954
26005
25871
25818
25950
25697
25964
25802
25916
26036
25974
26078
26039
25879
25845
25910
25887
25841
25863
25926
25917
25874
25935
25956
25800
26146
25588
25873
25884
25856
25904
25954
25992
25915
25908
25876
25848
25816
25851
26069
25847
25865
25891
25993
25966
25812
25866
25934
25977
26075
25983
26038
25951
26051
25918
25929
26127
26019
25998
26112
25991
25970
26055
26060
26007
26063
26032
25947
26088
26217
26080
26111
26068
26053
26201
26055
25348
26016
26234
26241
26101
26237
26169
26067
26295
26284
26281
26257
26184
26333
26243
26161
26178
26112
26248
26182
26194
26225
26225
26279
26216
26269
26264
26294
26249
26200
26175
26417
26260
26254
26385
26313
26232
26222
26258
26173
26270
26265
26258
26329
26386
26197
26375
26319
26364
26305
26473
26458
26500
26357
26286
26449
26359
26298
26535
26366
26404
26365
26366
26309
26367
26381
26477
26531
26679
26443
26542
26407
26318
26422
26444
26467
26484
26529
26477
26488
26500
26597
26406
26475
26457
26549
26570
26495
26688
26589
26483
26625
26549
26573
26491
26662
26461
26681
26648
26713
26738
26614
26608
26535
26663
26652
26583
26486
26612
26668
26692
26651
26720
26690
26493
26654
26571
26752
26657
26738
26698
26731
26601
26807
26708
26747
26623
26759
26853
26691
26665
26685
26618
26704
26888
26783
26778
26782
26859
26821
26726
26680
26779
26707
25208
26666
26763
26720
26718
26837
26846
27048
26787
26765
26708
26885
26929
26838
26857
26842
26818
26852
27049
26970
26811
27056
27017
27012
26974
26953
27056
26991
26875
27014
26872
26886
26953
26920
26863
26941
26964
27177
27056
26947
27135
26988
27028
27079
27066
27001
26893
27070
27142
27045
26857
27063
26966
27139
27068
27158
26988
27103
27075
27181
27067
27057
27059
27044
27216
27221
27201
27123
27183
27215
27056
26967
27242
27211
27078
27254
27369
27357
27258
27210
27072
27200
27181
27273
27187
27136
27224
27068
27324
27119
27061
27206
27348
27332
27226
27163
27316
27424
27453
27290
27385
27265
27094
27303
27186
27276
27497
27326
27428
27116
27349
27391
27346
27419
27398
27279
27514
27470
27416
27339
27513
27335
27365
27523
27474
27606
27352
27542
27420
27523
27502
27410
27516
27430
27469
27651
27485
27500
27381
27594
27442
27627
27409
27735
27587
27452
27680
27545
27547
27592
27759
27532
27629
27557
27671
27641
27587
27625
27734
27473
27772
27741
27641
27615
27709
27679
27588
27708
27692
27597
27626
27667
27728
27710
27914
27698
27767
27588
27822
27864
27818
27734
27822
27633
27760
27718
27934
27873
27958
27991
27781
27834
27905
27777
27726
27929
27884
27978
28091
27909
27907
27890
27961
27899
27818
27903
28054
27837
27821
28083
27941
27909
27959
28010
27963
27694
27946
28237
28161
28030
27965
27933
27921
28013
28186
28138
28257
28132
28065
28128
28186
28120
27997
28040
28133
28256
28238
28079
28105
28061
28002
28216
28259
28454
28215
28204
28394
28331
28247
28377
28198
28227
28427
28276
28325
28518
28357
28390
28286
28411
28422
28329
28352
28167
28372
28537
28428
