18407
17302
16972
16865
16971
17088
16883
16870
16711
17043
16701
16956
16871
16847
17033
16982
16831
16682
16933
16868
16815
16882
16929
16833
16971
16788
16785
16840
16823
16870
16808
16790
16894
16850
16922
16727
16879
17010
16697
16818
16859
16905
16845
16850
16938
16902
16991
16990
16797
16759
16893
16971
16770
16874
16773
16899
16958
16865
16823
16929
16998
16985
16825
16808
16991
17153
16916
16916
16950
16959
17013
16902
16826
16879
16880
16964
16991
17047
16963
16927
16990
16963
16933
16930
17090
17086
17118
16933
16074
17061
16887
16980
17030
16867
17034
17017
16970
17074
17104
16974
16918
17081
17133
17042
17257
17075
17157
16951
17169
17080
17073
16981
17021
17128
17047
17146
17152
16961
16995
17149
17114
16969
17162
17137
17160
17116
17222
17045
17008
17279
17272
17175
17174
17178
17278
17109
17205
17218
17216
17224
17281
17105
17295
17228
17165
17095
17223
17210
17251
17137
17080
17151
17163
17237
17291
17270
17264
17266
17314
17235
17168
17139
17306
17261
17305
17244
17175
17344
17182
17439
17194
17291
17150
17319
17333
17389
17331
17381
17374
17321
17154
17149
17289
17387
17251
17351
17243
17402
17310
17316
17346
17471
17174
17446
17403
17203
17290
17384
17371
17533
17376
17440
17356
17381
17444
17367
17391
17440
17408
17459
17352
17333
17240
17390
17400
17360
17578
17265
17403
17518
17492
17670
17541
17566
17420
17523
17432
17499
17568
17552
17624
17513
16182
17513
17564
17464
17403
17370
17579
17632
17527
17557
17469
17686
17650
17512
17418
17407
17587
17537
17579
17690
17565
17539
17608
17531
17625
17639
17612
17610
17634
17673
17704
17617
17608
17557
17705
17619
17398
17657
17568
17544
17524
17751
17770
17696
17697
17513
17423
17561
17575
17705
17551
17753
17585
17724
17747
17707
17671
17639
17722
17638
17733
17521
17784
17682
17713
17829
17771
17636
17787
17847
17731
17741
17772
17605
17655
17786
17609
17756
17778
17732
17619
17719
17897
17767
17796
17804
17833
17607
18003
17737
17757
17857
17845
17718
17705
17823
17882
17876
17890
17858
17911
17797
17734
17940
17874
17974
17863
17622
17824
17844
17915
17828
17952
17925
17819
17842
17964
18039
17897
17911
17905
18054
18040
17883
17727
17945
17880
17951
17958
18028
18149
18093
17853
17970
17983
18091
17952
18050
18012
18005
18094
18053
17873
18024
17885
18078
18121
18101
18128
18052
17982
18121
17921
18185
18161
18241
17975
18032
18199
18081
18165
18192
18132
18260
18177
18139
18068
18358
18095
18209
18179
18031
18166
18103
18118
18270
18269
18322
18290
18122
18200
18250
18196
18283
18185
18257
18268
18202
18267
18292
18172
18321
18389
18226
18163
18375
18227
18417
18299
18301
18215
18234
18452
18464
18261
18302
18369
18268
18219
18352
18391
18316
18352
18400
18442
18209
18268
18462
18350
18524
18497
18368
18383
18584
18476
18529
18520
18438
18525
18451
18397
18554
18449
18391
18536
18506
18527
18436
18526
18581
18549
18583
18622
18684
18533
18587
18679
18796
18614
18648
18557
18556
18644
18635
18518
18833
18555
18627
18689
18703
18695
18652
18674
18597
18634
18804
18819
