2618
2581
2546
2484
2542
2527
2543
2534
2569
2602
2552
2595
2596
2603
2593
2607
2594
2623
2576
2654
2610
2648
2645
2594
2651
2629
2673
2648
2618
2636
2678
2614
2661
2605
2662
2691
2646
2676
2626
2707
2714
2717
2657
2680
2676
2702
2699
2703
2649
2673
2697
2689
2680
2700
2713
2686
2717
2706
2734
2666
2763
2716
2775
2752
2741
2767
2748
2716
2721
2761
2754
2742
2703
2743
2715
2666
2794
2800
2772
2770
2794
2766
2808
2819
2757
2752
2891
2749
2773
2765
2791
2772
2771
2765
2764
2745
2725
2771
2820
2819
2786
2828
2801
2763
2812
2846
2818
2808
2783
2820
2818
2792
2821
2829
2789
2795
2833
2780
2797
2843
2745
2836
2833
2829
2857
2781
2824
2786
2875
2806
2801
2865
2870
2858
2883
2796
2816
2838
2812
2844
2936
2826
2886
2865
2839
2864
2887
2896
2905
2894
2825
2844
2805
2846
2920
2890
2879
2894
2833
2845
2794
2903
2844
2859
2911
2855
2849
2938
2896
2891
2839
2921
2900
2865
2873
2922
2890
2936
2925
2939
2871
2841
2867
2927
2931
2910
2860
2861
2952
2890
2929
2946
2846
2916
2875
2898
2915
2971
2950
2945
2873
2926
2879
2881
2924
2867
2847
2845
2897
2924
2889
2930
2889
2926
2956
2919
2899
2898
2912
2934
2919
2960
2902
2896
2937
3041
2935
2903
2931
2963
3014
2893
2794
2980
2912
2936
2916
2889
2953
2941
2977
2896
2895
3011
3021
2905
2941
2928
2941
2969
2978
2988
2945
2939
2979
2981
2974
2996
2881
2988
2901
3006
2968
2937
2976
2957
2956
2967
2956
3012
2942
2932
2984
2963
2990
2976
2947
3000
2987
2982
2904
3003
2969
2992
2973
2994
3040
3020
2965
3033
3005
2974
2978
2960
2960
3053
3007
3009
3047
2976
3052
3049
3001
3033
3012
2968
3051
3045
2996
3034
3038
2978
2901
3010
3005
3062
2962
3000
3052
2997
3085
2964
2983
3027
3015
3039
2991
3041
3004
3058
3029
3002
3044
2981
2983
2982
3045
3019
3053
3009
2966
3035
3072
3031
3050
3074
3022
3049
3012
3061
3017
3092
3017
3044
3043
2995
3045
3066
3036
3002
3073
3066
3121
3072
3066
3043
3065
3036
3037
3081
3059
3066
3034
3081
3081
3103
3084
3088
3079
3026
3128
3074
3073
3079
3063
3121
3075
3112
3032
3161
3168
3077
3121
3140
3087
3103
3117
3109
3030
3142
3059
3113
3089
3016
3115
3083
3101
3112
3084
3092
3058
3090
3136
3095
3177
3097
3095
3106
3150
3152
3190
3109
3129
3123
3150
3110
3086
3097
3077
3162
3174
3177
3103
3153
3132
3147
3115
3102
3189
3159
3164
3157
3161
3128
3134
3138
3134
3085
3180
3205
3116
3150
3094
3111
3125
3191
3199
3167
3127
3147
3143
3096
3166
3233
3198
3164
3163
3229
3140
3203
3160
3164
3229
3184
3151
3233
3199
3154
3208
3254
3216
3178
3153
3182
3178
3210
3175
3189
3138
3229
3197
3247
3206
3156
3165
3118
3195
3203
3244
