2662
2510
2511
2480
2480
2537
2565
2573
2521
2565
2541
2518
2596
2568
2552
2616
2631
2656
2582
2602
2595
2605
2599
2558
2575
2638
2604
2638
2621
2642
2643
2639
2620
2643
2629
2688
2645
2644
2571
2652
2668
2672
2666
2687
2666
2646
2698
2678
2645
2631
2661
2691
2674
2705
2713
2642
2662
2683
2698
2692
2758
2699
2700
2710
2681
2761
2762
2680
2705
2692
2725
2706
2690
2704
2688
2691
2742
2764
2700
2729
2756
2734
2710
2707
2744
2745
2808
2700
2755
2791
2729
2792
2719
2701
2739
2747
2734
2752
2768
2759
2760
2735
2809
2771
2781
2751
2847
2742
2770
2764
2803
2738
2742
2840
2824
2813
2839
2776
2806
2745
2789
2748
2807
2813
2794
2787
2830
2839
2850
2836
2789
2843
2747
2836
2825
2812
2812
2812
2805
2865
2874
2780
2846
2858
2793
2837
2885
2814
2919
2899
2784
2822
2784
2823
2869
2844
2818
2816
2871
2785
2794
2857
2812
2817
2854
2824
2827
2848
2862
2921
2851
2854
2835
2834
2826
2886
2894
2867
2834
2891
2834
2803
2930
2927
2915
2884
2859
2844
2874
2874
2955
2879
2840
2804
2857
2845
2905
2871
2942
2888
2871
2893
2855
2896
2830
2836
2768
2862
2893
2850
2886
2874
2870
2861
2918
2893
2852
2864
2904
2904
2854
2921
2916
2880
2926
2918
2936
2888
2962
2984
2986
2925
2822
2964
2904
2895
2896
2902
2963
2960
2888
2818
2887
2962
2931
2920
2887
2879
2923
2900
2904
2955
2924
2927
2934
2912
2893
2932
2917
2890
2933
2936
2890
2893
2963
2945
2945
2964
2929
3007
2902
2894
2944
2952
2917
2908
2879
2940
2910
2950
2959
3018
2920
2986
2986
2938
3018
2991
2960
2977
2952
2869
2875
2935
2952
2954
3008
2997
3018
2982
2951
3038
2952
2991
2991
2964
2984
3035
3016
2958
2948
2936
2931
2998
2976
3016
2909
2905
3022
2959
3007
2941
3001
3004
3007
3001
2994
2986
2973
3063
2941
2918
3006
2986
2961
2947
3008
2995
3017
2937
2928
3016
2966
2943
2972
3015
2960
3000
3036
3112
2992
3039
2952
3025
3005
3019
2952
3045
2961
3025
3061
3018
3092
3011
3016
3034
3019
3057
3050
3041
2985
2990
3018
2994
2972
3053
3064
3120
3043
3032
3081
3007
3013
2955
3041
3073
3021
3052
3016
3056
3153
2986
3083
3095
3065
3065
3074
3017
3022
3056
3013
3071
3029
2959
3054
3027
3018
3110
3051
3005
3095
3103
3082
3023
3080
3098
3042
3117
3070
3077
3086
3110
3035
3094
3049
3066
3020
3087
2988
3132
3026
3042
3050
3074
3085
3122
3112
3030
3078
3068
3061
3109
3109
3030
3052
3099
3046
3001
3057
3098
3062
3124
3063
3122
3074
3147
3090
3109
3100
3131
3095
3067
3116
3142
3157
3158
3113
3142
3109
3170
3086
3069
3140
3126
3110
3130
3109
3129
3191
3139
3126
3109
3100
3112
3100
3104
3119
3133
3097
3242
3175
3250
3120
3119
3132
3030
3135
3094
3177
