7391
7192
7247
7126
7202
7202
7191
7132
7037
7236
7177
7176
7179
7100
7183
7078
7064
7010
7131
7141
7153
7154
7131
7088
7106
7119
7187
7161
7145
7172
7147
7061
7131
7156
7094
7037
7072
7089
7010
7134
7144
7137
7076
7220
7147
7130
7140
7110
7063
7023
7147
7109
7102
7175
7169
7183
7196
7067
7183
7101
7174
7045
7173
7149
7148
7213
7149
7075
7144
7124
7264
7184
7130
7099
7165
7088
7124
7207
7152
7131
7223
7096
7224
7075
7103
7154
7321
7110
6910
7256
7273
7220
7162
7091
7159
7142
7165
7175
7278
7244
7236
7196
7337
7063
7212
7184
7211
7205
7282
7188
7267
7156
7215
7359
7260
7184
7346
7130
7181
7312
7136
7213
7311
7238
7307
7131
7207
7289
7253
7271
7210
7388
7161
7337
7303
7304
7267
7259
7252
7359
7432
7263
7237
7377
7197
7356
7392
7321
7334
7427
7231
7263
7321
7260
7430
7326
7265
7374
7373
7249
7224
7401
7270
7247
7414
7407
7260
7226
7303
7353
7300
7279
7348
7337
7324
7404
7409
7403
7373
7435
7309
7320
7373
7374
7355
7327
7334
7400
7436
7288
7429
7449
7232
7275
7339
7315
7399
7469
7324
7410
7437
7404
7358
7363
7422
7325
7311
7338
7463
7334
7370
7368
7336
7331
7418
7432
7453
7357
7430
7499
7368
7503
7433
7412
7493
7460
7372
7556
7431
7445
7510
7374
7445
7471
7484
7442
7407
7388
7533
7565
7469
7380
7344
7484
7434
7443
7486
7475
7452
7524
7456
7552
7486
7469
7491
7445
7385
7536
7388
7412
7455
7567
7448
7410
7431
7479
7414
7492
7365
7621
7451
7448
7422
7519
7561
7572
7411
7496
7432
7424
7384
7585
7493
7616
7475
7541
7522
7581
7538
7522
7516
7406
7498
7422
7542
7622
7594
7523
7610
7589
7555
7673
7463
7590
7542
7599
7555
7639
7612
7545
7556
7615
7381
7542
7590
7472
7510
7496
7568
7529
7728
7551
7590
7668
7554
7627
7505
7586
7523
7643
7659
7480
7749
7507
7487
7557
7589
7633
7694
7574
7453
7671
7759
7563
7662
7627
7582
7581
7648
7723
7595
7697
7606
7587
7674
7594
7606
7748
7619
7573
7601
7745
7771
7646
7623
7642
7681
7790
7736
7647
7637
7674
7702
7766
7637
7832
7608
7766
7657
7609
7778
7799
7767
7714
7795
7725
7772
7766
7679
7768
7866
7662
7764
7894
7692
7727
7714
7735
7687
7832
7659
7682
7759
7683
7771
7672
7774
7697
7697
7668
7852
7805
7856
7779
7811
7844
7851
7861
7823
7788
7830
7863
7836
7825
7881
7779
7717
7783
7802
7804
7931
7856
7787
7784
7838
7861
7781
7783
7831
7792
7822
7845
7906
7759
7802
7871
7871
7744
7883
7883
7907
7933
7786
7938
7820
7849
7952
7956
8044
7954
7914
7969
7884
7964
7835
7950
7919
8008
7979
7927
7881
7957
8023
7941
8006
8067
7972
7984
7870
8006
8031
8082
7978
7907
7978
8057
8031
8044
7899
8154
8087
8090
8106
8037
8002
7863
8036
8117
8102
