3713
3831
3804
3771
3758
3772
3800
3802
3820
3905
3869
3840
3856
3845
3879
3885
3849
3819
3895
3878
3907
3927
3941
3821
3866
3893
3958
3957
3931
3881
3989
3876
3952
3918
3945
3972
3954
3912
3861
3998
3977
3977
3986
4023
3979
3967
4024
3965
3913
3933
4039
4014
3998
3993
4081
4009
4044
4029
4024
3957
4115
3982
4148
4082
3987
4127
4125
4049
4038
4089
4128
4064
4093
4056
4125
4015
4069
4123
4073
4123
4173
4077
4120
4068
4099
4160
4241
4086
3923
4210
4165
4222
4050
4109
4124
4105
4088
4089
4228
4201
4224
4193
4260
4154
4194
4144
4139
4186
4166
4235
4214
4163
4178
4249
4191
4158
4265
4195
4166
4240
4153
4225
4249
4209
4243
4123
4174
4213
4315
4201
4186
4318
4185
4280
4267
4265
4273
4262
4210
4352
4401
4237
4268
4322
4195
4310
4324
4288
4262
4375
4198
4199
4253
4293
4348
4336
4271
4293
4306
4191
4165
4379
4226
4224
4326
4341
4294
4284
4278
4349
4287
4293
4303
4313
4295
4380
4417
4406
4292
4371
4322
4285
4367
4355
4315
4323
4354
4294
4379
4296
4434
4325
4303
4274
4338
4349
4373
4384
4377
4377
4324
4389
4363
4348
4395
4308
4275
4287
4434
4343
4310
4373
4327
4396
4404
4425
4378
4353
4403
4435
4372
4479
4496
4384
4459
4417
4387
4436
4432
4428
4549
4382
4419
4424
4431
4387
4431
4443
4465
4453
4404
4371
4345
4465
4404
4397
4492
4391
4392
4442
4469
4476
4431
4407
4463
4404
4393
4524
4419
4442
4436
4493
4460
4428
4400
4437
4425
4518
4430
4572
4429
4428
4412
4503
4456
4491
4428
4560
4447
4436
4399
4543
4411
4592
4484
4543
4522
4503
4513
4500
4536
4463
4386
4464
4534
4555
4554
4463
4549
4508
4524
4564
4516
4585
4523
4521
4514
4590
4628
4552
4587
4515
4434
4489
4500
4513
4483
4464
4593
4503
4640
4500
4553
4599
4516
4554
4473
4540
4519
4582
4511
4491
4661
4482
4472
4537
4561
4595
4596
4511
4513
4632
4688
4574
4617
4601
4556
4589
4618
4678
4580
4640
4515
4551
4650
4559
4576
4615
4585
4576
4561
4631
4735
4586
4636
4574
4620
4727
4617
4600
4563
4641
4639
4701
4578
4720
4593
4756
4620
4524
4689
4668
4678
4600
4649
4707
4651
4736
4616
4708
4796
4575
4664
4776
4664
4679
4672
4596
4625
4683
4601
4613
4668
4619
4694
4610
4718
4673
4662
4590
4727
4710
4772
4709
4776
4780
4671
4731
4687
4762
4736
4724
4728
4718
4752
4782
4652
4663
4700
4699
4789
4695
4689
4694
4727
4741
4740
4642
4762
4723
4745
4764
4758
4680
4730
4741
4739
4689
4749
4775
4765
4809
4661
4815
4769
4807
4793
4875
4828
4862
4781
4809
4772
4844
4766
4817
4749
4820
4779
4778
4756
4798
4850
4790
4834
4871
4844
4866
4820
4826
4821
4875
4828
4835
4838
4847
4833
4916
4851
4978
4951
4943
4925
4883
4836
4801
4872
4867
4918
